duration=104.486

entities={
	
	
	
	
	
	{
		entity_name="Layer_s051xa_nrml_Tekagi_pl_05_Deck",
		type=SCENE,
		template_name="",
		lt_grp=0,
		srt_grp=0,
		usr_flg=0,
		spatialprops={
			pos={
				0,
				0,
				0
			},
			orient={
				{
					1,
					0,
					0
				},
				{
					0,
					1,
					0
				},
				{
					0,
					0,
					1
				}
			}
		},
		up=Y_AXIS,
		front=Z_AXIS,
		ambient={
			0,
			0,
			0
		},
		userprops={
			TextStart="0.75000",
			TextString="259619.00000"
		}
	},
	{
		entity_name="starsphere_Li01_stars_9",
		type=COMPOUND,
		template_name="starsphere_cf14",
		lt_grp=0,
		srt_grp=-100,
		usr_flg=1,
		flags=LIT_DYNAMIC,
		spatialprops={
			pos={
				0,
				0,
				0
			},
			orient={
				{
					1,
					0,
					0
				},
				{
					0,
					1,
					0
				},
				{
					0,
					0,
					1
				}
			}
		},
		userprops={
			category="Prop"
		}
	},
	{
		entity_name="Char_Ozu",
		type=DEFORMABLE,
		template_name="ozu",
		lt_grp=0,
		srt_grp=1,
		usr_flg=0,
		flags=LIT_DYNAMIC,
		spatialprops={
			pos={
				1.159282,
				0,
				0
			},
			orient={
				{
					1,
					0,
					0
				},
				{
					0,
					1,
					0
				},
				{
					0,
					0,
					1
				}
			}
		},
		compoundprops={
			floor_height=0
		},
		userprops={
			actor="ozu",
			category="Character"
		}
	},
	{
		entity_name="Char_Trent",
		type=DEFORMABLE,
		template_name="trent",
		lt_grp=0,
		srt_grp=1,
		usr_flg=0,
		flags=LIT_DYNAMIC,
		spatialprops={
			pos={
				-250.934723,
				0,
				10.597639
			},
			orient={
				{
					1,
					0,
					0
				},
				{
					0,
					1,
					0
				},
				{
					0,
					0,
					1
				}
			}
		},
		compoundprops={
			floor_height=0
		},
		userprops={
			actor="Trent",
			category="Character"
		}
	},
	{
		entity_name="Char_Tr_Mk_loc_11_hall",
		type=MARKER,
		template_name="",
		lt_grp=0,
		srt_grp=0,
		usr_flg=0,
		spatialprops={
			pos={
				-0.714552,
				4.938,
				75.366936
			},
			orient={
				{
					0.53233,
					0,
					0.846537
				},
				{
					0,
					1,
					0
				},
				{
					-0.846537,
					0,
					0.53233
				}
			}
		}
	},
	{
		entity_name="Mk_offscreen",
		type=MARKER,
		template_name="",
		lt_grp=0,
		srt_grp=0,
		usr_flg=0,
		spatialprops={
			pos={
				-503.012787,
				4.938,
				-29.384949
			},
			orient={
				{
					0.463693,
					0,
					0.885996
				},
				{
					0,
					1,
					0
				},
				{
					-0.885996,
					0,
					0.463693
				}
			}
		}
	},
	{
		entity_name="Char_Tr_Mk_loc_14_to_Tome",
		type=MARKER,
		template_name="",
		lt_grp=0,
		srt_grp=0,
		usr_flg=0,
		spatialprops={
			pos={
				-0.81946,
				4.937487,
				52.475727
			},
			orient={
				{
					-0.625808,
					0,
					0.779978
				},
				{
					0,
					1,
					0
				},
				{
					-0.779978,
					0,
					-0.625808
				}
			}
		}
	},
	{
		entity_name="Char_O_Mk_loc_12_to_bomb",
		type=MARKER,
		template_name="",
		lt_grp=0,
		srt_grp=0,
		usr_flg=0,
		spatialprops={
			pos={
				-0.397123,
				4.938,
				60.502106
			},
			orient={
				{
					0.999505,
					0,
					-0.031464
				},
				{
					0,
					1,
					0
				},
				{
					0.031464,
					0,
					0.999505
				}
			}
		}
	},
	{
		entity_name="prop_ku_sanctum_chair_Ozu",
		type=COMPOUND,
		template_name="ku_sanctum_chair",
		lt_grp=0,
		srt_grp=0,
		usr_flg=0,
		flags=LIT_DYNAMIC,
		spatialprops={
			pos={
				1.333987,
				4.938,
				55.16177
			},
			orient={
				{
					-0.02026,
					0,
					-0.999795
				},
				{
					0,
					1,
					0
				},
				{
					0.999795,
					0,
					-0.02026
				}
			}
		},
		userprops={
			category="Prop"
		}
	},
	{
		entity_name="prop_ku_sanctum_shrine",
		type=COMPOUND,
		template_name="ku_sanctum_shrine",
		lt_grp=0,
		srt_grp=0,
		usr_flg=0,
		flags=LIT_DYNAMIC,
		spatialprops={
			pos={
				-0.045372,
				5.73552,
				53.385136
			},
			orient={
				{
					-0.999976,
					0.006848,
					-0.000674
				},
				{
					-0.000677,
					-0.000363,
					1
				},
				{
					0.006848,
					0.999977,
					0.000367
				}
			}
		},
		userprops={
			category="Prop"
		}
	},
	{
		entity_name="prop_ozu_bomb",
		type=COMPOUND,
		template_name="ozu_bomb",
		lt_grp=0,
		srt_grp=0,
		usr_flg=0,
		flags=LIT_DYNAMIC,
		spatialprops={
			pos={
				-1.268856,
				5.975689,
				56.627403
			},
			orient={
				{
					-0.013299,
					0.9982760000000001,
					-0.05716
				},
				{
					-0.057892,
					-0.057837,
					-0.996646
				},
				{
					-0.998234,
					-0.009945000000000001,
					0.058562
				}
			}
		},
		userprops={
			category="Prop"
		}
	},
	{
		entity_name="prop_tome",
		type=COMPOUND,
		template_name="tome",
		lt_grp=0,
		srt_grp=0,
		usr_flg=0,
		flags=LIT_DYNAMIC,
		spatialprops={
			pos={
				-0.039243,
				6.128085,
				53.19228
			},
			orient={
				{
					-0.005554,
					0.003061,
					0.99998
				},
				{
					-0.99997,
					-0.005431,
					-0.005538
				},
				{
					0.005414,
					-0.999981,
					0.003091
				}
			}
		},
		userprops={
			category="Prop"
		}
	},
	{
		entity_name="prop_ku_sanctum_chair_Trent",
		type=COMPOUND,
		template_name="ku_sanctum_chair",
		lt_grp=0,
		srt_grp=0,
		usr_flg=0,
		flags=LIT_DYNAMIC,
		spatialprops={
			pos={
				-0.784323,
				4.938,
				56.20533
			},
			orient={
				{
					-0.9689720000000001,
					-0.080426,
					0.233721
				},
				{
					-0.079457,
					0.996746,
					0.013576
				},
				{
					-0.234052,
					-0.005416,
					-0.972209
				}
			}
		},
		userprops={
			category="Prop"
		}
	},
	{
		entity_name="Char_O_Mk_loc_15_gas",
		type=MARKER,
		template_name="",
		lt_grp=0,
		srt_grp=0,
		usr_flg=0,
		spatialprops={
			pos={
				0.354559,
				4.938,
				66.089371
			},
			orient={
				{
					-0.9509,
					0,
					-0.309499
				},
				{
					0,
					1,
					0
				},
				{
					0.309499,
					0,
					-0.9509
				}
			}
		}
	},
	{
		entity_name="Char_Tr_Mk_loc_18_to_Door",
		type=MARKER,
		template_name="",
		lt_grp=0,
		srt_grp=0,
		usr_flg=0,
		spatialprops={
			pos={
				0.619,
				5.002788,
				64.998611
			},
			orient={
				{
					-0.969997,
					0,
					-0.243116
				},
				{
					0,
					1,
					0
				},
				{
					0.243116,
					0,
					-0.969997
				}
			}
		}
	},
	{
		entity_name="prop_gun_laser_1_Trent",
		type=COMPOUND,
		template_name="gun_laser_2",
		lt_grp=0,
		srt_grp=0,
		usr_flg=0,
		flags=LIT_DYNAMIC,
		spatialprops={
			pos={
				-0.831645,
				6.194732,
				75.254974
			},
			orient={
				{
					0.118681,
					0.130726,
					-0.984289
				},
				{
					-0.962147,
					-0.229786,
					-0.14653
				},
				{
					-0.245331,
					0.964422,
					0.098506
				}
			}
		},
		userprops={
			category="Prop"
		}
	},
	{
		entity_name="prop_gun_laser_1_Ozu",
		type=COMPOUND,
		template_name="prop_gun_laser_1",
		lt_grp=0,
		srt_grp=0,
		usr_flg=0,
		flags=LIT_DYNAMIC,
		spatialprops={
			pos={
				0.285187,
				6.09853,
				72.19452699999999
			},
			orient={
				{
					-0.957415,
					-0.08841400000000001,
					-0.274844
				},
				{
					-0.28147,
					0.073924,
					0.956718
				},
				{
					-0.06426999999999999,
					0.993337,
					-0.095662
				}
			}
		},
		userprops={
			category="Prop"
		}
	},
	{
		entity_name="Char_Tr_Mk_loc_17_gas_B",
		type=MARKER,
		template_name="",
		lt_grp=0,
		srt_grp=0,
		usr_flg=0,
		spatialprops={
			pos={
				-0.05929,
				5.899099,
				52.855087
			},
			orient={
				{
					-0.99946,
					0,
					0.032867
				},
				{
					0,
					1,
					0
				},
				{
					-0.032867,
					0,
					-0.99946
				}
			}
		}
	},
	{
		entity_name="prop_ku_sanctum_chair_O_Mk_01",
		type=MARKER,
		template_name="",
		lt_grp=0,
		srt_grp=0,
		usr_flg=0,
		spatialprops={
			pos={
				0.790654,
				4.938,
				55.401245
			},
			orient={
				{
					0.997741,
					0,
					-0.067186
				},
				{
					0,
					1,
					0
				},
				{
					0.067186,
					0,
					0.997741
				}
			}
		}
	},
	{
		entity_name="Char_O_Mk_loc_11_enter_B",
		type=MARKER,
		template_name="",
		lt_grp=0,
		srt_grp=0,
		usr_flg=0,
		spatialprops={
			pos={
				-0.018733,
				4.942481,
				61.293625
			},
			orient={
				{
					0.999505,
					0,
					-0.031464
				},
				{
					0,
					1,
					0
				},
				{
					0.031464,
					0,
					0.999505
				}
			}
		}
	},
	{
		entity_name="Char_Tr_Mk_loc_13_enter_B",
		type=MARKER,
		template_name="",
		lt_grp=0,
		srt_grp=0,
		usr_flg=0,
		spatialprops={
			pos={
				-0.595272,
				4.937487,
				61.395321
			},
			orient={
				{
					0.834676,
					0,
					-0.550741
				},
				{
					0,
					1,
					0
				},
				{
					0.550741,
					0,
					0.834676
				}
			}
		}
	},
	{
		entity_name="Cam_17_AC2_enter",
		type=CAMERA,
		template_name="",
		lt_grp=0,
		srt_grp=0,
		usr_flg=0,
		flags=HIDDEN,
		spatialprops={
			pos={
				1.460076,
				6.697602,
				58.640079
			},
			orient={
				{
					-0.617081,
					0,
					-0.7869
				},
				{
					-0.160975,
					0.9788520000000001,
					0.126235
				},
				{
					0.770259,
					0.204568,
					-0.604031
				}
			}
		},
		cameraprops={
			fovh=25,
			hvaspect=1.85,
			nearplane=0.4,
			farplane=4000
		}
	},
	{
		entity_name="Cam_Monitor_s051xa",
		type=MONITOR,
		template_name="",
		lt_grp=0,
		srt_grp=0,
		usr_flg=0,
		userprops={
			Priority="Monitor_Moving_1"
		}
	},
	{
		entity_name="Cam_19_AC2_toTable_A",
		type=CAMERA,
		template_name="",
		lt_grp=0,
		srt_grp=0,
		usr_flg=0,
		flags=HIDDEN,
		spatialprops={
			pos={
				2.601239,
				6.258733,
				56.916805
			},
			orient={
				{
					-0.5441470000000001,
					0,
					-0.83899
				},
				{
					-0.082119,
					0.995198,
					0.053261
				},
				{
					0.834961,
					0.09787899999999999,
					-0.541534
				}
			}
		},
		cameraprops={
			fovh=25,
			hvaspect=1.85,
			nearplane=0.4,
			farplane=4000
		}
	},
	{
		entity_name="Cam_21_CU_artifact_A",
		type=CAMERA,
		template_name="",
		lt_grp=0,
		srt_grp=0,
		usr_flg=0,
		flags=HIDDEN,
		spatialprops={
			pos={
				-0.068533,
				5.954116,
				54.416927
			},
			orient={
				{
					0.999954,
					0,
					0.009637
				},
				{
					0.001129,
					0.993116,
					-0.11713
				},
				{
					-0.00957,
					0.117135,
					0.99307
				}
			}
		},
		cameraprops={
			fovh=25,
			hvaspect=1.85,
			nearplane=0.4,
			farplane=4000
		}
	},
	{
		entity_name="Cam_22_ACS_Ozu",
		type=CAMERA,
		template_name="",
		lt_grp=0,
		srt_grp=0,
		usr_flg=0,
		flags=HIDDEN,
		spatialprops={
			pos={
				0.203268,
				6.444816,
				56.778728
			},
			orient={
				{
					-0.677958,
					0,
					-0.735101
				},
				{
					-0.322797,
					0.898429,
					0.297705
				},
				{
					0.660435,
					0.43912,
					-0.609097
				}
			}
		},
		cameraprops={
			fovh=25,
			hvaspect=1.85,
			nearplane=0.4,
			farplane=4000
		}
	},
	{
		entity_name="Cam_24_PCS",
		type=CAMERA,
		template_name="",
		lt_grp=0,
		srt_grp=0,
		usr_flg=0,
		flags=HIDDEN,
		spatialprops={
			pos={
				-0.09492100000000001,
				6.50769,
				54.245026
			},
			orient={
				{
					0.99412,
					0,
					-0.108283
				},
				{
					-0.000246,
					0.999997,
					-0.002262
				},
				{
					0.108283,
					0.002275,
					0.994117
				}
			}
		},
		cameraprops={
			fovh=20,
			hvaspect=1.85,
			nearplane=0.4,
			farplane=4000
		}
	},
	{
		entity_name="Char_Tr_Mk_ort_02_toTome_A",
		type=MARKER,
		template_name="",
		lt_grp=0,
		srt_grp=0,
		usr_flg=0,
		spatialprops={
			pos={
				-1.174605,
				5.877958,
				60.737827
			},
			orient={
				{
					0.704843,
					0,
					-0.709363
				},
				{
					0,
					1,
					0
				},
				{
					0.709363,
					0,
					0.704843
				}
			}
		}
	},
	{
		entity_name="Cam_20_ACS_A",
		type=CAMERA,
		template_name="",
		lt_grp=0,
		srt_grp=0,
		usr_flg=0,
		flags=HIDDEN,
		spatialprops={
			pos={
				-0.257623,
				6.452087,
				56.041527
			},
			orient={
				{
					-0.909183,
					0,
					-0.416397
				},
				{
					-0.202186,
					0.874203,
					0.441463
				},
				{
					0.364015,
					0.48556,
					-0.7948110000000001
				}
			}
		},
		cameraprops={
			fovh=25,
			hvaspect=1.85,
			nearplane=0.4,
			farplane=4000
		}
	},
	{
		entity_name="Char_Tr_Mk_ort_03_toTome_B",
		type=MARKER,
		template_name="",
		lt_grp=0,
		srt_grp=0,
		usr_flg=0,
		spatialprops={
			pos={
				-2.579975,
				5.802472,
				55.430805
			},
			orient={
				{
					0.81114,
					0,
					-0.584853
				},
				{
					0,
					1,
					0
				},
				{
					0.584853,
					0,
					0.81114
				}
			}
		}
	},
	{
		entity_name="Cam_19_AC2_toTable_B",
		type=CAMERA,
		template_name="",
		lt_grp=0,
		srt_grp=0,
		usr_flg=0,
		flags=HIDDEN,
		spatialprops={
			pos={
				1.825063,
				6.024983,
				57.293995
			},
			orient={
				{
					-0.141681,
					0,
					-0.989912
				},
				{
					-0.214543,
					0.976232,
					0.030706
				},
				{
					0.966384,
					0.21673,
					-0.138313
				}
			}
		},
		cameraprops={
			fovh=25,
			hvaspect=1.85,
			nearplane=0.4,
			farplane=4000
		}
	},
	{
		entity_name="Cam_16_Wide_pov_room",
		type=CAMERA,
		template_name="",
		lt_grp=0,
		srt_grp=0,
		usr_flg=0,
		flags=HIDDEN,
		spatialprops={
			pos={
				-0.142069,
				5.983333,
				69.14608
			},
			orient={
				{
					0.999026,
					0,
					-0.044136
				},
				{
					0.00624,
					0.989955,
					0.141245
				},
				{
					0.043693,
					-0.141383,
					0.98899
				}
			}
		},
		cameraprops={
			fovh=30,
			hvaspect=1.85,
			nearplane=0.4,
			farplane=4000
		}
	},
	{
		entity_name="Char_O_Mk_loc_10_enter_A",
		type=MARKER,
		template_name="",
		lt_grp=0,
		srt_grp=0,
		usr_flg=0,
		spatialprops={
			pos={
				0.570246,
				4.942481,
				68.52739
			},
			orient={
				{
					0.579754,
					0,
					0.814792
				},
				{
					0,
					1,
					0
				},
				{
					-0.814792,
					0,
					0.579754
				}
			}
		}
	},
	{
		entity_name="Char_Tr_Mk_loc_12_enter_A",
		type=MARKER,
		template_name="",
		lt_grp=0,
		srt_grp=0,
		usr_flg=0,
		spatialprops={
			pos={
				-0.46084,
				4.937487,
				68.40831799999999
			},
			orient={
				{
					0.900429,
					0,
					0.435003
				},
				{
					0,
					1,
					0
				},
				{
					-0.435003,
					0,
					0.900429
				}
			}
		}
	},
	{
		entity_name="Char_Tr_Mk_ort_04_lookTome",
		type=MARKER,
		template_name="",
		lt_grp=0,
		srt_grp=0,
		usr_flg=0,
		spatialprops={
			pos={
				-0.195979,
				5.898731,
				52.827686
			},
			orient={
				{
					-0.944078,
					0,
					0.329722
				},
				{
					0,
					1,
					0
				},
				{
					-0.329722,
					0,
					-0.944078
				}
			}
		}
	},
	{
		entity_name="rtc_forcefield",
		type=PSYS,
		template_name="rtc_forcefield",
		lt_grp=0,
		srt_grp=0,
		usr_flg=0,
		flags=LIT_DYNAMIC + LIT_AMBIENT,
		spatialprops={
			pos={
				-0.057156,
				6.128085,
				49.580685
			},
			orient={
				{
					1,
					0,
					0
				},
				{
					0,
					1,
					0
				},
				{
					0,
					0,
					1
				}
			}
		},
		psysprops={
			sparam=0
		}
	},
	{
		entity_name="rtc_mister_Mk_02",
		type=MARKER,
		template_name="",
		lt_grp=0,
		srt_grp=0,
		usr_flg=0,
		spatialprops={
			pos={
				0.012521,
				9.615608,
				48.409264
			},
			orient={
				{
					-0.99992,
					0.011398,
					0.005456
				},
				{
					-0.008241999999999999,
					-0.91553,
					0.402165
				},
				{
					0.009579000000000001,
					0.402088,
					0.915551
				}
			}
		}
	},
	{
		entity_name="rtc_mister_02",
		type=PSYS,
		template_name="rtc_mister",
		lt_grp=0,
		srt_grp=0,
		usr_flg=0,
		flags=LIT_DYNAMIC + LIT_AMBIENT,
		spatialprops={
			pos={
				0,
				0,
				0
			},
			orient={
				{
					1,
					0,
					0
				},
				{
					0,
					1,
					0
				},
				{
					0,
					0,
					1
				}
			}
		},
		psysprops={
			sparam=0
		}
	},
	{
		entity_name="rtc_mister_Mk_04",
		type=MARKER,
		template_name="",
		lt_grp=0,
		srt_grp=0,
		usr_flg=0,
		spatialprops={
			pos={
				-1.201186,
				9,
				68.080376
			},
			orient={
				{
					0.7707500000000001,
					0.011398,
					0.637035
				},
				{
					0.264221,
					-0.91553,
					-0.303301
				},
				{
					0.579768,
					0.402088,
					-0.708657
				}
			}
		}
	},
	{
		entity_name="rtc_mister_04",
		type=PSYS,
		template_name="rtc_mister",
		lt_grp=0,
		srt_grp=0,
		usr_flg=0,
		flags=LIT_DYNAMIC + LIT_AMBIENT,
		spatialprops={
			pos={
				0,
				0,
				0
			},
			orient={
				{
					1,
					0,
					0
				},
				{
					0,
					1,
					0
				},
				{
					0,
					0,
					1
				}
			}
		},
		psysprops={
			sparam=0
		}
	},
	{
		entity_name="rtc_mister_Mk_05",
		type=MARKER,
		template_name="",
		lt_grp=0,
		srt_grp=0,
		usr_flg=0,
		spatialprops={
			pos={
				1.789683,
				9,
				68.021553
			},
			orient={
				{
					0.564483,
					0.011398,
					-0.825366
				},
				{
					-0.326021,
					-0.91553,
					-0.235615
				},
				{
					-0.758333,
					0.402088,
					-0.513085
				}
			}
		}
	},
	{
		entity_name="rtc_mister_05",
		type=PSYS,
		template_name="rtc_mister",
		lt_grp=0,
		srt_grp=0,
		usr_flg=0,
		flags=LIT_DYNAMIC + LIT_AMBIENT,
		spatialprops={
			pos={
				0,
				0,
				0
			},
			orient={
				{
					1,
					0,
					0
				},
				{
					0,
					1,
					0
				},
				{
					0,
					0,
					1
				}
			}
		},
		psysprops={
			sparam=0
		}
	},
	{
		entity_name="rtc_mister_Mk_06",
		type=MARKER,
		template_name="",
		lt_grp=0,
		srt_grp=0,
		usr_flg=0,
		spatialprops={
			pos={
				-0.510873,
				9,
				67.37035400000001
			},
			orient={
				{
					0.691341,
					0.011398,
					-0.7224390000000001
				},
				{
					-0.283306,
					-0.91553,
					-0.285556
				},
				{
					-0.664669,
					0.402088,
					-0.629714
				}
			}
		}
	},
	{
		entity_name="rtc_mister_06",
		type=PSYS,
		template_name="rtc_mister",
		lt_grp=0,
		srt_grp=0,
		usr_flg=0,
		flags=LIT_DYNAMIC + LIT_AMBIENT,
		spatialprops={
			pos={
				0,
				0,
				0
			},
			orient={
				{
					1,
					0,
					0
				},
				{
					0,
					1,
					0
				},
				{
					0,
					0,
					1
				}
			}
		},
		psysprops={
			sparam=0
		}
	},
	{
		entity_name="rtc_forcefield_Mk",
		type=MARKER,
		template_name="",
		lt_grp=0,
		srt_grp=0,
		usr_flg=0,
		spatialprops={
			pos={
				-0.007442,
				7.295221,
				47.264992
			},
			orient={
				{
					-0.005554,
					-0.999976,
					-0.004041
				},
				{
					-0.99997,
					0.005576,
					-0.00539
				},
				{
					0.005412,
					0.00401,
					-0.999977
				}
			}
		}
	},
	{
		entity_name="rtc_forcefieldripple_Mk",
		type=MARKER,
		template_name="",
		lt_grp=0,
		srt_grp=0,
		usr_flg=0,
		spatialprops={
			pos={
				-0.007442,
				6.601963,
				47.264992
			},
			orient={
				{
					-0.005554,
					-0.999976,
					-0.004041
				},
				{
					-0.99997,
					0.005576,
					-0.00539
				},
				{
					0.005412,
					0.00401,
					-0.999977
				}
			}
		}
	},
	{
		entity_name="prop_ozu_bomb_Mk_under_table",
		type=MARKER,
		template_name="",
		lt_grp=0,
		srt_grp=0,
		usr_flg=0,
		spatialprops={
			pos={
				-0.436292,
				5.633206,
				57.347511
			},
			orient={
				{
					0.007076,
					-0.999975,
					0
				},
				{
					0.999975,
					0.007076,
					0
				},
				{
					0,
					0,
					1
				}
			}
		}
	},
	{
		entity_name="Char_Tr_Mk_IKhead",
		type=MARKER,
		template_name="",
		lt_grp=0,
		srt_grp=0,
		usr_flg=0,
		spatialprops={
			pos={
				-1.238675,
				4.938,
				75.03776600000001
			},
			orient={
				{
					0.386272,
					0,
					0.922385
				},
				{
					0,
					1,
					0
				},
				{
					-0.922385,
					0,
					0.386272
				}
			}
		}
	},
	{
		entity_name="prop_ku_sanctum_shrine_mk",
		type=MARKER,
		template_name="",
		lt_grp=0,
		srt_grp=0,
		usr_flg=0,
		spatialprops={
			pos={
				-0.041732,
				5.73552,
				53.46793
			},
			orient={
				{
					0.005537,
					0.006848,
					0.999961
				},
				{
					0.999985,
					-0.000363,
					-0.005535
				},
				{
					0.000325,
					0.999977,
					-0.00685
				}
			}
		}
	},
	{
		entity_name="Char_Tr_Mk_loc_15_at_Tome",
		type=MARKER,
		template_name="",
		lt_grp=0,
		srt_grp=0,
		usr_flg=0,
		spatialprops={
			pos={
				-0.198762,
				5.899099,
				52.852745
			},
			orient={
				{
					-0.944078,
					0,
					0.329722
				},
				{
					0,
					1,
					0
				},
				{
					-0.329722,
					0,
					-0.944078
				}
			}
		}
	},
	{
		entity_name="Cam_23_Insert_gas_jet",
		type=CAMERA,
		template_name="",
		lt_grp=0,
		srt_grp=0,
		usr_flg=0,
		flags=HIDDEN,
		spatialprops={
			pos={
				1.542184,
				7.569812,
				52.775806
			},
			orient={
				{
					0.9280850000000001,
					0,
					-0.372368
				},
				{
					0.095346,
					0.9666630000000001,
					0.237638
				},
				{
					0.359954,
					-0.256052,
					0.897146
				}
			}
		},
		cameraprops={
			fovh=25,
			hvaspect=1.85,
			nearplane=0.4,
			farplane=4000
		}
	},
	{
		entity_name="Char_O_Mk_loc_13_at_bomb_A",
		type=MARKER,
		template_name="",
		lt_grp=0,
		srt_grp=0,
		usr_flg=0,
		spatialprops={
			pos={
				-0.665739,
				5.311375,
				57.934586
			},
			orient={
				{
					0.98013,
					-6.999999999999999e-005,
					-0.198356
				},
				{
					5.9e-005,
					1,
					-6e-005
				},
				{
					0.198356,
					4.8e-005,
					0.98013
				}
			}
		}
	},
	{
		entity_name="Char_O_Mk_loc_01_deck",
		type=MARKER,
		template_name="",
		lt_grp=0,
		srt_grp=0,
		usr_flg=0,
		spatialprops={
			pos={
				-251.643265,
				0,
				-15.463988
			},
			orient={
				{
					-0.982935,
					0,
					0.183951
				},
				{
					0,
					1,
					0
				},
				{
					-0.183951,
					0,
					-0.982935
				}
			}
		}
	},
	{
		entity_name="SET_li_08_outpost_LtG09",
		type=COMPOUND,
		template_name="li_08_outpost",
		lt_grp=9,
		srt_grp=0,
		usr_flg=0,
		flags=LIT_DYNAMIC,
		spatialprops={
			pos={
				-251.075623,
				0,
				-34.158936
			},
			orient={
				{
					1,
					0,
					0
				},
				{
					0,
					1,
					0
				},
				{
					0,
					0,
					1
				}
			}
		},
		userprops={
			category="Room"
		}
	},
	{
		entity_name="Cam_xa01_deck",
		type=CAMERA,
		template_name="",
		lt_grp=0,
		srt_grp=0,
		usr_flg=0,
		spatialprops={
			pos={
				-274.677185,
				14.411923,
				-53.585728
			},
			orient={
				{
					-0.700396,
					0,
					0.713754
				},
				{
					0.283379,
					0.917808,
					0.278075
				},
				{
					-0.655089,
					0.397025,
					-0.642829
				}
			}
		},
		cameraprops={
			fovh=30,
			hvaspect=1.85,
			nearplane=0.4,
			farplane=4000
		}
	},
	{
		entity_name="Char_Tr_Mk_loc_01_deck",
		type=MARKER,
		template_name="",
		lt_grp=0,
		srt_grp=0,
		usr_flg=0,
		spatialprops={
			pos={
				-250.117188,
				0,
				-14.374081
			},
			orient={
				{
					0.008912,
					0,
					-0.99996
				},
				{
					0,
					1,
					0
				},
				{
					0.99996,
					0,
					0.008912
				}
			}
		}
	},
	{
		entity_name="SHIP_PlayerShip",
		type=COMPOUND,
		template_name="PlayerShip",
		lt_grp=3,
		srt_grp=0,
		usr_flg=0,
		flags=LIT_DYNAMIC,
		spatialprops={
			pos={
				-255.226074,
				0,
				-41.892094
			},
			orient={
				{
					0.438967,
					0,
					0.8985030000000001
				},
				{
					0,
					1,
					0
				},
				{
					-0.8985030000000001,
					0,
					0.438967
				}
			}
		},
		userprops={
			category="Spaceship",
			running_lights="True"
		}
	},
	{
		entity_name="Cam_xa03_ACU_Ozu",
		type=CAMERA,
		template_name="",
		lt_grp=0,
		srt_grp=0,
		usr_flg=0,
		spatialprops={
			pos={
				-255.031342,
				1.268569,
				6.077773
			},
			orient={
				{
					-0.457327,
					0,
					0.889299
				},
				{
					0.034424,
					0.999251,
					0.017703
				},
				{
					-0.888632,
					0.038709,
					-0.456984
				}
			}
		},
		cameraprops={
			fovh=30,
			hvaspect=1.85,
			nearplane=0.4,
			farplane=4000
		}
	},
	{
		entity_name="Char_O_Mk_loc_04_door",
		type=MARKER,
		template_name="",
		lt_grp=0,
		srt_grp=0,
		usr_flg=0,
		spatialprops={
			pos={
				-250.339142,
				0,
				8.360001000000001
			},
			orient={
				{
					0.742717,
					0,
					-0.669605
				},
				{
					0,
					1,
					0
				},
				{
					0.669605,
					0,
					0.742717
				}
			}
		}
	},
	{
		entity_name="Char_Tr_Mk_loc_04_door",
		type=MARKER,
		template_name="",
		lt_grp=0,
		srt_grp=0,
		usr_flg=0,
		spatialprops={
			pos={
				-249.12355,
				0,
				3.593497
			},
			orient={
				{
					-0.963376,
					0,
					-0.268155
				},
				{
					0,
					1,
					0
				},
				{
					0.268155,
					0,
					-0.963376
				}
			}
		}
	},
	{
		entity_name="Cam_07_PC2_blue_hall",
		type=CAMERA,
		template_name="",
		lt_grp=0,
		srt_grp=0,
		usr_flg=0,
		spatialprops={
			pos={
				-252.036957,
				0.634615,
				8.330278
			},
			orient={
				{
					-0.936886,
					0,
					0.349634
				},
				{
					-0.030203,
					0.996262,
					-0.080931
				},
				{
					-0.348328,
					-0.086383,
					-0.933384
				}
			}
		},
		cameraprops={
			fovh=30,
			hvaspect=1.85,
			nearplane=0.4,
			farplane=4000
		}
	},
	{
		entity_name="Char_Tr_Mk_loc_05_hall_A",
		type=MARKER,
		template_name="",
		lt_grp=0,
		srt_grp=0,
		usr_flg=0,
		spatialprops={
			pos={
				-250.668716,
				0,
				8.802125
			},
			orient={
				{
					-0.138265,
					0,
					-0.990395
				},
				{
					0,
					1,
					0
				},
				{
					0.990395,
					0,
					-0.138265
				}
			}
		}
	},
	{
		entity_name="SHIP_Ozu_ku_dragon_elite_1",
		type=COMPOUND,
		template_name="rtcprop_k_dragon",
		lt_grp=3,
		srt_grp=0,
		usr_flg=0,
		flags=LIT_DYNAMIC,
		spatialprops={
			pos={
				-244.337631,
				8.498651000000001,
				-27.820162
			},
			orient={
				{
					-0.586375,
					0,
					-0.81004
				},
				{
					0,
					1,
					0
				},
				{
					0.81004,
					0,
					-0.586375
				}
			}
		},
		userprops={
			category="Spaceship",
			loadout="nSN09_Ozu",
			running_lights="True"
		}
	},
	{
		entity_name="Char_ku_male_guard_5",
		type=DEFORMABLE,
		template_name="ku_male_guard_2",
		lt_grp=0,
		srt_grp=0,
		usr_flg=0,
		flags=LIT_DYNAMIC,
		spatialprops={
			pos={
				-250.289764,
				0,
				25.821346
			},
			orient={
				{
					0.720976,
					0,
					-0.69296
				},
				{
					0,
					1,
					0
				},
				{
					0.69296,
					0,
					0.720976
				}
			}
		},
		compoundprops={
			floor_height=0
		},
		userprops={
			actor="ku_guard05",
			category="Character"
		}
	},
	{
		entity_name="Char_ku_male_guard_3",
		type=DEFORMABLE,
		template_name="ku_male_guard_1",
		lt_grp=0,
		srt_grp=0,
		usr_flg=0,
		flags=LIT_DYNAMIC,
		spatialprops={
			pos={
				-251.882156,
				0,
				12.557432
			},
			orient={
				{
					0.992525,
					0,
					0.122039
				},
				{
					0,
					1,
					0
				},
				{
					-0.122039,
					0,
					0.992525
				}
			}
		},
		compoundprops={
			floor_height=0
		},
		userprops={
			actor="ku_guard03",
			category="Character"
		}
	}
	,
	{
		entity_name="Char_ku_male_guard_6",
		type=DEFORMABLE,
		template_name="ku_male_guard_2",
		lt_grp=0,
		srt_grp=0,
		usr_flg=0,
		flags=LIT_DYNAMIC,
		spatialprops={
			pos={
				-251.417114,
				0,
				29.142012
			},
			orient={
				{
					-0.996082,
					0,
					0.088437
				},
				{
					0,
					1,
					0
				},
				{
					-0.088437,
					0,
					-0.996082
				}
			}
		},
		compoundprops={
			floor_height=0
		},
		userprops={
			actor="ku_guard06",
			category="Character"
		}
	},
	{
		entity_name="Char_ku_male_guard_3_Mk_loc",
		type=MARKER,
		template_name="",
		lt_grp=0,
		srt_grp=0,
		usr_flg=0,
		spatialprops={
			pos={
				-252.013153,
				0.094693,
				12.865497
			},
			orient={
				{
					0.990881,
					0,
					0.134742
				},
				{
					0,
					1,
					0
				},
				{
					-0.134742,
					0,
					0.990881
				}
			}
		}
	},
	{
		entity_name="Char_ku_male_guard_5_Mk_loc",
		type=MARKER,
		template_name="",
		lt_grp=0,
		srt_grp=0,
		usr_flg=0,
		spatialprops={
			pos={
				-249.998856,
				0.146821,
				29.681721
			},
			orient={
				{
					0.997676,
					0,
					-0.068129
				},
				{
					0,
					1,
					0
				},
				{
					0.068129,
					0,
					0.997676
				}
			}
		}
	},
	{
		entity_name="Char_Tr_Mk_loc_02_PCU",
		type=MARKER,
		template_name="",
		lt_grp=0,
		srt_grp=0,
		usr_flg=0,
		spatialprops={
			pos={
				-249.829681,
				0,
				-7.290085
			},
			orient={
				{
					0.517041,
					0,
					-0.855961
				},
				{
					0,
					1,
					0
				},
				{
					0.855961,
					0,
					0.517041
				}
			}
		}
	},
	{
		entity_name="Cam_06_PCU_reaction_shot",
		type=CAMERA,
		template_name="",
		lt_grp=0,
		srt_grp=0,
		usr_flg=0,
		spatialprops={
			pos={
				-250.025223,
				1.678081,
				5.501526
			},
			orient={
				{
					0.802076,
					0,
					0.597222
				},
				{
					0.057627,
					0.9953340000000001,
					-0.077394
				},
				{
					-0.594436,
					0.09649199999999999,
					0.798333
				}
			}
		},
		cameraprops={
			fovh=20,
			hvaspect=1.85,
			nearplane=0.4,
			farplane=4000
		}
	},
	{
		entity_name="Char_O_Mk_loc_05_hall",
		type=MARKER,
		template_name="",
		lt_grp=0,
		srt_grp=0,
		usr_flg=0,
		spatialprops={
			pos={
				-251.129364,
				0,
				17.175838
			},
			orient={
				{
					-0.931555,
					0,
					0.363601
				},
				{
					0,
					1,
					0
				},
				{
					-0.363601,
					0,
					-0.931555
				}
			}
		}
	},
	{
		entity_name="Char_Tr_Mk_loc_06_hall_B",
		type=MARKER,
		template_name="",
		lt_grp=0,
		srt_grp=0,
		usr_flg=0,
		spatialprops={
			pos={
				-250.702957,
				0.885659,
				24.48222
			},
			orient={
				{
					0.150886,
					0,
					-0.988551
				},
				{
					0,
					1,
					0
				},
				{
					0.988551,
					0,
					0.150886
				}
			}
		}
	},
	{
		entity_name="Cam_xa06_AC2",
		type=CAMERA,
		template_name="",
		lt_grp=0,
		srt_grp=0,
		usr_flg=0,
		spatialprops={
			pos={
				-252.985107,
				1.749991,
				32.034096
			},
			orient={
				{
					0.724298,
					0,
					0.689487
				},
				{
					0.170489,
					0.968947,
					-0.179097
				},
				{
					-0.668076,
					0.24727,
					0.701806
				}
			}
		},
		cameraprops={
			fovh=30,
			hvaspect=1.85,
			nearplane=0.4,
			farplane=4000
		}
	},
	{
		entity_name="Char_O_Mk_loc_06_hall_B",
		type=MARKER,
		template_name="",
		lt_grp=0,
		srt_grp=0,
		usr_flg=0,
		spatialprops={
			pos={
				-251.479675,
				0,
				28.663485
			},
			orient={
				{
					-0.921833,
					0,
					0.387587
				},
				{
					0,
					1,
					0
				},
				{
					-0.387587,
					0,
					-0.921833
				}
			}
		}
	},
	{
		entity_name="Char_O_Mk_ort_01_hall",
		type=MARKER,
		template_name="",
		lt_grp=0,
		srt_grp=0,
		usr_flg=0,
		spatialprops={
			pos={
				-251.244675,
				0.943729,
				31.081932
			},
			orient={
				{
					-0.9567600000000001,
					0,
					-0.290877
				},
				{
					0,
					1,
					0
				},
				{
					0.290877,
					0,
					-0.9567600000000001
				}
			}
		}
	},
	{
		entity_name="Cam_xa07_AC2_door2",
		type=CAMERA,
		template_name="",
		lt_grp=0,
		srt_grp=0,
		usr_flg=0,
		spatialprops={
			pos={
				-252.79744,
				1.702759,
				28.267706
			},
			orient={
				{
					-0.902292,
					0,
					0.431125
				},
				{
					0.051743,
					0.992772,
					0.108292
				},
				{
					-0.428009,
					0.120019,
					-0.89577
				}
			}
		},
		cameraprops={
			fovh=25,
			hvaspect=1.85,
			nearplane=0.4,
			farplane=4000
		}
	},
	{
		entity_name="Char_O_Mk_loc_07_door2",
		type=MARKER,
		template_name="",
		lt_grp=0,
		srt_grp=0,
		usr_flg=0,
		spatialprops={
			pos={
				-250.220993,
				0,
				32.396923
			},
			orient={
				{
					0.793098,
					0,
					-0.609094
				},
				{
					0,
					1,
					0
				},
				{
					0.609094,
					0,
					0.793098
				}
			}
		}
	},
	{
		entity_name="Char_O_Mk_loc_08_door2",
		type=MARKER,
		template_name="",
		lt_grp=0,
		srt_grp=0,
		usr_flg=0,
		spatialprops={
			pos={
				-250.634964,
				0.896197,
				32.109898
			},
			orient={
				{
					-0.903968,
					0,
					0.427599
				},
				{
					0,
					1,
					0
				},
				{
					-0.427599,
					0,
					-0.903968
				}
			}
		}
	},
	{
		entity_name="Char_Tr_Mk_loc_07_hall_C",
		type=MARKER,
		template_name="",
		lt_grp=0,
		srt_grp=0,
		usr_flg=0,
		spatialprops={
			pos={
				-252.375275,
				0.885659,
				27.743572
			},
			orient={
				{
					0.261115,
					0,
					-0.9653080000000001
				},
				{
					0,
					1,
					0
				},
				{
					0.9653080000000001,
					0,
					0.261115
				}
			}
		}
	},
	{
		entity_name="Cam_10_ACU_nod",
		type=CAMERA,
		template_name="",
		lt_grp=0,
		srt_grp=0,
		usr_flg=0,
		spatialprops={
			pos={
				-251.327713,
				1.675004,
				32.049809
			},
			orient={
				{
					-0.375375,
					0,
					0.926873
				},
				{
					0.093107,
					0.994942,
					0.037708
				},
				{
					-0.922185,
					0.100453,
					-0.373476
				}
			}
		},
		cameraprops={
			fovh=25,
			hvaspect=1.85,
			nearplane=0.4,
			farplane=4000
		}
	},
	{
		entity_name="Char_Tr_Mk_loc_09_door2_B",
		type=MARKER,
		template_name="",
		lt_grp=0,
		srt_grp=0,
		usr_flg=0,
		spatialprops={
			pos={
				-252.634018,
				0.885659,
				31.582453
			},
			orient={
				{
					0.88289,
					0,
					0.469581
				},
				{
					0,
					1,
					0
				},
				{
					-0.469581,
					0,
					0.88289
				}
			}
		}
	},
	{
		entity_name="Cam_12_AC2_doors_open",
		type=CAMERA,
		template_name="",
		lt_grp=0,
		srt_grp=0,
		usr_flg=0,
		spatialprops={
			pos={
				-253.666397,
				1.812226,
				29.929468
			},
			orient={
				{
					-0.719683,
					0,
					0.694303
				},
				{
					0.155569,
					0.9745740000000001,
					0.161255
				},
				{
					-0.67665,
					0.224064,
					-0.701384
				}
			}
		},
		cameraprops={
			fovh=25,
			hvaspect=1.85,
			nearplane=0.4,
			farplane=4000
		}
	},
	{
		entity_name="Char_O_Mk_IKhead_nod_up",
		type=MARKER,
		template_name="",
		lt_grp=0,
		srt_grp=0,
		usr_flg=0,
		spatialprops={
			pos={
				-251.997757,
				1.554893,
				32.168217
			},
			orient={
				{
					-0.60602,
					0,
					-0.79545
				},
				{
					0,
					1,
					0
				},
				{
					0.79545,
					0,
					-0.60602
				}
			}
		}
	},
	{
		entity_name="Char_O_Mk_IKhead",
		type=MARKER,
		template_name="",
		lt_grp=0,
		srt_grp=0,
		usr_flg=0,
		spatialprops={
			pos={
				-252.860565,
				0.9288,
				31.822117
			},
			orient={
				{
					-0.60602,
					0,
					-0.79545
				},
				{
					0,
					1,
					0
				},
				{
					0.79545,
					0,
					-0.60602
				}
			}
		}
	},
	{
		entity_name="Char_O_Mk_IKhead_nod_down",
		type=MARKER,
		template_name="",
		lt_grp=0,
		srt_grp=0,
		usr_flg=0,
		spatialprops={
			pos={
				-251.997757,
				1.232506,
				32.168217
			},
			orient={
				{
					-0.60602,
					0,
					-0.79545
				},
				{
					0,
					1,
					0
				},
				{
					0.79545,
					0,
					-0.60602
				}
			}
		}
	},
	{
		entity_name="Char_Tr_Mk_IKelbow_left",
		type=MARKER,
		template_name="",
		lt_grp=0,
		srt_grp=0,
		usr_flg=0,
		spatialprops={
			pos={
				-252.947281,
				1.079629,
				31.510897
			},
			orient={
				{
					-0.326453,
					0.158981,
					-0.931747
				},
				{
					0.945163,
					0.06507400000000001,
					-0.320051
				},
				{
					0.00975,
					-0.985135,
					-0.171507
				}
			}
		}
	},
	{
		entity_name="Cam_13_AC2_through_doors",
		type=CAMERA,
		template_name="",
		lt_grp=0,
		srt_grp=0,
		usr_flg=0,
		spatialprops={
			pos={
				-251.196442,
				1.367603,
				30.569723
			},
			orient={
				{
					-0.997041,
					0,
					0.076875
				},
				{
					-0.000396,
					0.999987,
					-0.005138
				},
				{
					-0.076874,
					-0.005153,
					-0.997028
				}
			}
		},
		cameraprops={
			fovh=25,
			hvaspect=1.85,
			nearplane=0.4,
			farplane=4000
		}
	},
	{
		entity_name="Char_Tr_Mk_loc_10_door2_C",
		type=MARKER,
		template_name="",
		lt_grp=0,
		srt_grp=0,
		usr_flg=0,
		spatialprops={
			pos={
				-251.571045,
				0.885659,
				32.117409
			},
			orient={
				{
					-0.788617,
					0,
					0.614884
				},
				{
					0,
					1,
					0
				},
				{
					-0.614884,
					0,
					-0.788617
				}
			}
		}
	},
	{
		entity_name="Char_Tr_Mk_IKhead_RT",
		type=MARKER,
		template_name="",
		lt_grp=0,
		srt_grp=0,
		usr_flg=0,
		spatialprops={
			pos={
				-251.969986,
				1.533609,
				32.976555
			},
			orient={
				{
					0.386272,
					0,
					0.922385
				},
				{
					0,
					1,
					0
				},
				{
					-0.922385,
					0,
					0.386272
				}
			}
		}
	},
	{
		entity_name="Char_Tr_Mk_IKhead_LT",
		type=MARKER,
		template_name="",
		lt_grp=0,
		srt_grp=0,
		usr_flg=0,
		spatialprops={
			pos={
				-250.061295,
				1.685271,
				33.257904
			},
			orient={
				{
					0.386272,
					0,
					0.922385
				},
				{
					0,
					1,
					0
				},
				{
					-0.922385,
					0,
					0.386272
				}
			}
		}
	},
	{
		entity_name="Char_O_Mk_IKhead_RT",
		type=MARKER,
		template_name="",
		lt_grp=0,
		srt_grp=0,
		usr_flg=0,
		spatialprops={
			pos={
				-251.574661,
				1.533609,
				33.176525
			},
			orient={
				{
					0.386272,
					0,
					0.922385
				},
				{
					0,
					1,
					0
				},
				{
					-0.922385,
					0,
					0.386272
				}
			}
		}
	},
	{
		entity_name="Char_O_Mk_IKhead_LT",
		type=MARKER,
		template_name="",
		lt_grp=0,
		srt_grp=0,
		usr_flg=0,
		spatialprops={
			pos={
				-248.481125,
				1.685271,
				34.46804
			},
			orient={
				{
					0.386272,
					0,
					0.922385
				},
				{
					0,
					1,
					0
				},
				{
					-0.922385,
					0,
					0.386272
				}
			}
		}
	},
	{
		entity_name="Char_O_Mk_IKhead_RT_down",
		type=MARKER,
		template_name="",
		lt_grp=0,
		srt_grp=0,
		usr_flg=0,
		spatialprops={
			pos={
				-251.574661,
				1.261599,
				33.176525
			},
			orient={
				{
					0.386272,
					0,
					0.922385
				},
				{
					0,
					1,
					0
				},
				{
					-0.922385,
					0,
					0.386272
				}
			}
		}
	},
	{
		entity_name="Char_Tr_Mk_IKhead_LT_down",
		type=MARKER,
		template_name="",
		lt_grp=0,
		srt_grp=0,
		usr_flg=0,
		spatialprops={
			pos={
				-250.061295,
				1.447743,
				33.257904
			},
			orient={
				{
					0.386272,
					0,
					0.922385
				},
				{
					0,
					1,
					0
				},
				{
					-0.922385,
					0,
					0.386272
				}
			}
		}
	},
	{
		entity_name="Char_O_Mk_ort_02_door2_A",
		type=MARKER,
		template_name="",
		lt_grp=0,
		srt_grp=0,
		usr_flg=0,
		spatialprops={
			pos={
				-250.642365,
				0.931048,
				32.108635
			},
			orient={
				{
					-0.929606,
					0,
					0.368554
				},
				{
					0,
					1,
					0
				},
				{
					-0.368554,
					0,
					-0.929606
				}
			}
		}
	},
	{
		entity_name="Char_O_Mk_IKhead_Fwd",
		type=MARKER,
		template_name="",
		lt_grp=0,
		srt_grp=0,
		usr_flg=0,
		spatialprops={
			pos={
				-250.873734,
				1.533609,
				33.358101
			},
			orient={
				{
					0.386272,
					0,
					0.922385
				},
				{
					0,
					1,
					0
				},
				{
					-0.922385,
					0,
					0.386272
				}
			}
		}
	},
	{
		entity_name="Char_Tr_Mk_ort_01_door2",
		type=MARKER,
		template_name="",
		lt_grp=0,
		srt_grp=0,
		usr_flg=0,
		spatialprops={
			pos={
				-251.579849,
				0.929029,
				32.12122
			},
			orient={
				{
					-0.815643,
					0,
					0.578556
				},
				{
					0,
					1,
					0
				},
				{
					-0.578556,
					0,
					-0.815643
				}
			}
		}
	},
	{
		entity_name="Char_Tr_Mk_IKhead_Fwd",
		type=MARKER,
		template_name="",
		lt_grp=0,
		srt_grp=0,
		usr_flg=0,
		spatialprops={
			pos={
				-251.596054,
				1.685271,
				33.398609
			},
			orient={
				{
					0.386272,
					0,
					0.922385
				},
				{
					0,
					1,
					0
				},
				{
					-0.922385,
					0,
					0.386272
				}
			}
		}
	},
	{
		entity_name="Cam_14_AC2_otherside",
		type=CAMERA,
		template_name="",
		lt_grp=0,
		srt_grp=0,
		usr_flg=0,
		spatialprops={
			pos={
				-251.061035,
				1.705419,
				33.953026
			},
			orient={
				{
					0.997866,
					0,
					-0.065289
				},
				{
					-0.010123,
					0.987906,
					-0.154724
				},
				{
					0.064499,
					0.155055,
					0.985798
				}
			}
		},
		cameraprops={
			fovh=25,
			hvaspect=1.85,
			nearplane=0.4,
			farplane=4000
		}
	},
	{
		entity_name="Char_O_Mk_ort_03_door2_B",
		type=MARKER,
		template_name="",
		lt_grp=0,
		srt_grp=0,
		usr_flg=0,
		spatialprops={
			pos={
				-250.730362,
				0.925706,
				32.120438
			},
			orient={
				{
					-0.999858,
					0,
					0.016868
				},
				{
					0,
					1,
					0
				},
				{
					-0.016868,
					0,
					-0.999858
				}
			}
		}
	},
	{
		entity_name="Char_O_Mk_IKhead_LT_slight",
		type=MARKER,
		template_name="",
		lt_grp=0,
		srt_grp=0,
		usr_flg=0,
		spatialprops={
			pos={
				-249.702637,
				1.685271,
				34.77829
			},
			orient={
				{
					0.386272,
					0,
					0.922385
				},
				{
