duration = 60.000;
entities =
{
	{
		entity_name = "Layer_Rh_01_City_Traffic",
		type = SCENE,
		template_name = "",
		lt_grp = 0, srt_grp = 0, usr_flg = 0,
		spatialprops =
		{
			pos = { 0, 0, 0 },
			orient = { { 1, 0, 0 }, { 0, 1, 0 }, { 0, 0, 1 } }
		},
		up = Y_AXIS,
		front = Z_AXIS,
		ambient = { 0, 0, 0 }
	},
	{
		entity_name = "Traffic_Zone_1",
		type = MOTION_PATH,
		template_name = "",
		lt_grp = 0, srt_grp = 0, usr_flg = 0,
		spatialprops =
		{
			pos = { 0.185875, 161.553, -0.840968 },
			orient = { {  0.791115,  0.011232,  0.611565 },
					   {  0.005682,  0.999653, -0.025709 },
					   { -0.611641,  0.023814,  0.790777 } }
		},
		pathprops =
		{
			path_type = "CV_CROrientationSplinePath",
			path_data = "OPEN,{-375.888489,-0.764899,77.887238}, {0.738093,0.020176,-0.674361,0.006983}, {260.034302,0.020959,0.028475}, {0.739711,0.055198,-0.669417,0.040764}, "
		}
	},
	{
		entity_name = "Traffic_Zone_2",
		type = MOTION_PATH,
		template_name = "",
		lt_grp = 0, srt_grp = 0, usr_flg = 0,
		spatialprops =
		{
			pos = { -1.751501, 136.2371, 3.249732 },
			orient = { { -0.787273,  0.013106, -0.616465 },
					   { -0.036643,  0.997013,  0.067993 },
					   {  0.615515,  0.076118, -0.784441 } }
		},
		pathprops =
		{
			path_type = "CV_CROrientationSplinePath",
			path_data = "OPEN,{-274.937317,0.058541,0.045698}, {0.728877,0.150900,-0.663614,0.074720}, {371.645660,4.296511,-76.053261}, {0.740324,0.113838,-0.660123,0.056550}, "
		}
	},
	{
		entity_name = "Traffic_Zone_3",
		type = MOTION_PATH,
		template_name = "",
		lt_grp = 0, srt_grp = 0, usr_flg = 0,
		spatialprops =
		{
			pos = { 0, 74.63773, -3.8 },
			orient = { {  0.293713,  0.000000, -0.955894 },
					   {  0.000000,  1.000000,  0.000000 },
					   {  0.955894,  0.000000,  0.293713 } }
		},
		pathprops =
		{
			path_type = "CV_CROrientationSplinePath",
			path_data = "OPEN,{-328.568634,0.000000,-114.899643}, {-0.476736,0.000000,0.879046,0.000000}, {405.837616,-0.000008,315.306396}, {-0.480465,0.000000,0.877014,0.000000}, "
		}
	},
	{
		entity_name = "Traffic_Zone_4",
		type = MOTION_PATH,
		template_name = "",
		lt_grp = 0, srt_grp = 0, usr_flg = 0,
		spatialprops =
		{
			pos = { -14.14386, 105.9223, -3.768006 },
			orient = { { -0.257566, -0.028243,  0.965848 },
					   {  0.001262,  0.999562,  0.029565 },
					   { -0.966260,  0.008834, -0.257417 } }
		},
		pathprops =
		{
			path_type = "CV_CROrientationSplinePath",
			path_data = "OPEN,{-283.116425,0.230202,-218.444000}, {0.528579,0.062684,-0.836096,-0.132736}, {379.506927,-0.424089,107.172699}, {0.621400,0.022118,-0.783151,-0.006889}, "
		}
	},
	{
		entity_name = "Traffic_Marker_Park",
		type = MARKER,
		template_name = "",
		lt_grp = 0, srt_grp = 0, usr_flg = 0,
		spatialprops =
		{
			pos = { -3.179883, 62.73537, 1200 },
			orient = { { -0.494109, -0.014492,  0.869279 },
					   { -0.043204,  0.999035, -0.007903 },
					   { -0.868326, -0.041461, -0.494258 } }
		}
	},
	{
		entity_name = "gf_r_freighter_1",
		type = COMPOUND,
		template_name = "rtcprop_r_freighter",
		lt_grp = 3, srt_grp = 0, usr_flg = 0,
		flags = LIT_DYNAMIC,
		spatialprops =
		{
			pos = { -3.179883, 62.73537, 1200 },
			orient = { { -0.494109, -0.014492,  0.869279 },
					   { -0.043204,  0.999035, -0.007903 },
					   { -0.868326, -0.041461, -0.494258 } }
		},
		userprops =
		{
			category = "Spaceship",
		}
	},
    {
		entity_name = "gf_r_freighter_1_engine_sound",
		type = SOUND,
		template_name = "engine_rh_small",
		lt_grp = 0, srt_grp = 0, usr_flg = 0,
		flags = SPATIAL,
		spatialprops =
		{
			pos = { 0, 0, 0 },
			orient = { { 1, 0, 0 }, { 0, 1, 0 }, { 0, 0, 1 } }
		},
		audioprops =
		{
			attenuation = 0,
			pan = 0,
			dmin = 50,
			dmax = 1000,
			ain = 360,
			aout = 360,
			atout = 0,
			rmix = 0,
		},
		userprops =
		{
			category = "Audio",
		}
	},
	{
		entity_name = "gf_r_freighter_1_engine_fire_1",
		type = PSYS,
		template_name = "gf_rh_smallengine03_fire",
		lt_grp = 0, srt_grp = 0, usr_flg = 0,
		flags = LIT_DYNAMIC + LIT_AMBIENT,
		spatialprops =
		{
			pos = { 0, 0, 0 },
			orient = { { 1, 0, 0 }, { 0, 1, 0 }, { 0, 0, 1 } }
		},
		psysprops =
		{
			sparam = 0
		}
	},
	{
		entity_name = "gf_r_freighter_1_trail_1",
		type = PSYS,
		template_name = "gf_rh_smallengine03_trail",
		lt_grp = 0, srt_grp = 0, usr_flg = 0,
		flags = LIT_DYNAMIC + LIT_AMBIENT,
		spatialprops =
		{
			pos = { 0, 0, 0 },
			orient = { { 1, 0, 0 }, { 0, 1, 0 }, { 0, 0, 1 } }
		},
		psysprops =
		{
			sparam = 0
		}
	},
	{
		entity_name = "gf_r_freighter_1_engine_fire_2",
		type = PSYS,
		template_name = "gf_rh_smallengine03_fire",
		lt_grp = 0, srt_grp = 0, usr_flg = 0,
		flags = LIT_DYNAMIC + LIT_AMBIENT,
		spatialprops =
		{
			pos = { 0, 0, 0 },
			orient = { { 1, 0, 0 }, { 0, 1, 0 }, { 0, 0, 1 } }
		},
		psysprops =
		{
			sparam = 0
		}
	},
	{
		entity_name = "gf_r_freighter_1_trail_2",
		type = PSYS,
		template_name = "gf_rh_smallengine03_trail",
		lt_grp = 0, srt_grp = 0, usr_flg = 0,
		flags = LIT_DYNAMIC + LIT_AMBIENT,
		spatialprops =
		{
			pos = { 0, 0, 0 },
			orient = { { 1, 0, 0 }, { 0, 1, 0 }, { 0, 0, 1 } }
		},
		psysprops =
		{
			sparam = 0
		}
	},
	{
		entity_name = "gf_r_freighter_2",
		type = COMPOUND,
		template_name = "rtcprop_r_freighter",
		lt_grp = 3, srt_grp = 0, usr_flg = 0,
		flags = LIT_DYNAMIC,
		spatialprops =
		{
			pos = { -3.179883, 62.73537, 1200 },
			orient = { { -0.494109, -0.014492,  0.869279 },
					   { -0.043204,  0.999035, -0.007903 },
					   { -0.868326, -0.041461, -0.494258 } }
		},
		userprops =
		{
			category = "Spaceship",
		}
	},
    {
		entity_name = "gf_r_freighter_2_engine_sound",
		type = SOUND,
		template_name = "engine_rh_small",
		lt_grp = 0, srt_grp = 0, usr_flg = 0,
		flags = SPATIAL,
		spatialprops =
		{
			pos = { 0, 0, 0 },
			orient = { { 1, 0, 0 }, { 0, 1, 0 }, { 0, 0, 1 } }
		},
		audioprops =
		{
			attenuation = 0,
			pan = 0,
			dmin = 50,
			dmax = 1000,
			ain = 360,
			aout = 360,
			atout = 0,
			rmix = 0,
		},
		userprops =
		{
			category = "Audio",
		}
	},
	{
		entity_name = "gf_r_freighter_2_engine_fire_1",
		type = PSYS,
		template_name = "gf_rh_smallengine03_fire",
		lt_grp = 0, srt_grp = 0, usr_flg = 0,
		flags = LIT_DYNAMIC + LIT_AMBIENT,
		spatialprops =
		{
			pos = { 0, 0, 0 },
			orient = { { 1, 0, 0 }, { 0, 1, 0 }, { 0, 0, 1 } }
		},
		psysprops =
		{
			sparam = 0
		}
	},
	{
		entity_name = "gf_r_freighter_2_trail_1",
		type = PSYS,
		template_name = "gf_rh_smallengine03_trail",
		lt_grp = 0, srt_grp = 0, usr_flg = 0,
		flags = LIT_DYNAMIC + LIT_AMBIENT,
		spatialprops =
		{
			pos = { 0, 0, 0 },
			orient = { { 1, 0, 0 }, { 0, 1, 0 }, { 0, 0, 1 } }
		},
		psysprops =
		{
			sparam = 0
		}
	},
	{
		entity_name = "gf_r_freighter_2_engine_fire_2",
		type = PSYS,
		template_name = "gf_rh_smallengine03_fire",
		lt_grp = 0, srt_grp = 0, usr_flg = 0,
		flags = LIT_DYNAMIC + LIT_AMBIENT,
		spatialprops =
		{
			pos = { 0, 0, 0 },
			orient = { { 1, 0, 0 }, { 0, 1, 0 }, { 0, 0, 1 } }
		},
		psysprops =
		{
			sparam = 0
		}
	},
	{
		entity_name = "gf_r_freighter_2_trail_2",
		type = PSYS,
		template_name = "gf_rh_smallengine03_trail",
		lt_grp = 0, srt_grp = 0, usr_flg = 0,
		flags = LIT_DYNAMIC + LIT_AMBIENT,
		spatialprops =
		{
			pos = { 0, 0, 0 },
			orient = { { 1, 0, 0 }, { 0, 1, 0 }, { 0, 0, 1 } }
		},
		psysprops =
		{
			sparam = 0
		}
	},
	{
		entity_name = "gf_r_freighter_3",
		type = COMPOUND,
		template_name = "rtcprop_r_freighter",
		lt_grp = 3, srt_grp = 0, usr_flg = 0,
		flags = LIT_DYNAMIC,
		spatialprops =
		{
			pos = { -3.179883, 62.73537, 1200 },
			orient = { { -0.494109, -0.014492,  0.869279 },
					   { -0.043204,  0.999035, -0.007903 },
					   { -0.868326, -0.041461, -0.494258 } }
		},
		userprops =
		{
			category = "Spaceship",
		}
	},
    {
		entity_name = "gf_r_freighter_3_engine_sound",
		type = SOUND,
		template_name = "engine_rh_small",
		lt_grp = 0, srt_grp = 0, usr_flg = 0,
		flags = SPATIAL,
		spatialprops =
		{
			pos = { 0, 0, 0 },
			orient = { { 1, 0, 0 }, { 0, 1, 0 }, { 0, 0, 1 } }
		},
		audioprops =
		{
			attenuation = 0,
			pan = 0,
			dmin = 50,
			dmax = 1000,
			ain = 360,
			aout = 360,
			atout = 0,
			rmix = 0,
		},
		userprops =
		{
			category = "Audio",
		}
	},
	{
		entity_name = "gf_r_freighter_3_engine_fire_1",
		type = PSYS,
		template_name = "gf_rh_smallengine03_fire",
		lt_grp = 0, srt_grp = 0, usr_flg = 0,
		flags = LIT_DYNAMIC + LIT_AMBIENT,
		spatialprops =
		{
			pos = { 0, 0, 0 },
			orient = { { 1, 0, 0 }, { 0, 1, 0 }, { 0, 0, 1 } }
		},
		psysprops =
		{
			sparam = 0
		}
	},
	{
		entity_name = "gf_r_freighter_3_trail_1",
		type = PSYS,
		template_name = "gf_rh_smallengine03_trail",
		lt_grp = 0, srt_grp = 0, usr_flg = 0,
		flags = LIT_DYNAMIC + LIT_AMBIENT,
		spatialprops =
		{
			pos = { 0, 0, 0 },
			orient = { { 1, 0, 0 }, { 0, 1, 0 }, { 0, 0, 1 } }
		},
		psysprops =
		{
			sparam = 0
		}
	},
	{
		entity_name = "gf_r_freighter_3_engine_fire_2",
		type = PSYS,
		template_name = "gf_rh_smallengine03_fire",
		lt_grp = 0, srt_grp = 0, usr_flg = 0,
		flags = LIT_DYNAMIC + LIT_AMBIENT,
		spatialprops =
		{
			pos = { 0, 0, 0 },
			orient = { { 1, 0, 0 }, { 0, 1, 0 }, { 0, 0, 1 } }
		},
		psysprops =
		{
			sparam = 0
		}
	},
	{
		entity_name = "gf_r_freighter_3_trail_2",
		type = PSYS,
		template_name = "gf_rh_smallengine03_trail",
		lt_grp = 0, srt_grp = 0, usr_flg = 0,
		flags = LIT_DYNAMIC + LIT_AMBIENT,
		spatialprops =
		{
			pos = { 0, 0, 0 },
			orient = { { 1, 0, 0 }, { 0, 1, 0 }, { 0, 0, 1 } }
		},
		psysprops =
		{
			sparam = 0
		}
	},
	{
		entity_name = "gf_r_fighter_1",
		type = COMPOUND,
		template_name = "rtcprop_r_fighter",
		lt_grp = 3, srt_grp = 0, usr_flg = 0,
		flags = LIT_DYNAMIC,
		spatialprops =
		{
			pos = { -3.179883, 62.73537, 1200 },
			orient = { { -0.494109, -0.014492,  0.869279 },
					   { -0.043204,  0.999035, -0.007903 },
					   { -0.868326, -0.041461, -0.494258 } }
		},
		userprops =
		{
			category = "Spaceship",
		}
	},
    {
		entity_name = "gf_r_fighter_1_engine_sound",
		type = SOUND,
		template_name = "engine_rh_small",
		lt_grp = 0, srt_grp = 0, usr_flg = 0,
		flags = SPATIAL,
		spatialprops =
		{
			pos = { 0, 0, 0 },
			orient = { { 1, 0, 0 }, { 0, 1, 0 }, { 0, 0, 1 } }
		},
		audioprops =
		{
			attenuation = 0,
			pan = 0,
			dmin = 50,
			dmax = 1000,
			ain = 360,
			aout = 360,
			atout = 0,
			rmix = 0,
		},
		userprops =
		{
			category = "Audio",
		}
	},
	{
		entity_name = "gf_r_fighter_1_engine_fire_1",
		type = PSYS,
		template_name = "gf_rh_smallengine02_fire",
		lt_grp = 0, srt_grp = 0, usr_flg = 0,
		flags = LIT_DYNAMIC + LIT_AMBIENT,
		spatialprops =
		{
			pos = { 0, 0, 0 },
			orient = { { 1, 0, 0 }, { 0, 1, 0 }, { 0, 0, 1 } }
		},
		psysprops =
		{
			sparam = 0
		}
	},
	{
		entity_name = "gf_r_fighter_1_trail_1",
		type = PSYS,
		template_name = "gf_rh_smallengine02_trail",
		lt_grp = 0, srt_grp = 0, usr_flg = 0,
		flags = LIT_DYNAMIC + LIT_AMBIENT,
		spatialprops =
		{
			pos = { 0, 0, 0 },
			orient = { { 1, 0, 0 }, { 0, 1, 0 }, { 0, 0, 1 } }
		},
		psysprops =
		{
			sparam = 0
		}
	},
	{
		entity_name = "gf_r_fighter_2",
		type = COMPOUND,
		template_name = "rtcprop_r_fighter",
		lt_grp = 3, srt_grp = 0, usr_flg = 0,
		flags = LIT_DYNAMIC,
		spatialprops =
		{
			pos = { -3.179883, 62.73537, 1200 },
			orient = { { -0.494109, -0.014492,  0.869279 },
					   { -0.043204,  0.999035, -0.007903 },
					   { -0.868326, -0.041461, -0.494258 } }
		},
		userprops =
		{
			category = "Spaceship",
		}
	},
    {
		entity_name = "gf_r_fighter_2_engine_sound",
		type = SOUND,
		template_name = "engine_rh_small",
		lt_grp = 0, srt_grp = 0, usr_flg = 0,
		flags = SPATIAL,
		spatialprops =
		{
			pos = { 0, 0, 0 },
			orient = { { 1, 0, 0 }, { 0, 1, 0 }, { 0, 0, 1 } }
		},
		audioprops =
		{
			attenuation = 0,
			pan = 0,
			dmin = 50,
			dmax = 1000,
			ain = 360,
			aout = 360,
			atout = 0,
			rmix = 0,
		},
		userprops =
		{
			category = "Audio",
		}
	},
	{
		entity_name = "gf_r_fighter_2_engine_fire_1",
		type = PSYS,
		template_name = "gf_rh_smallengine02_fire",
		lt_grp = 0, srt_grp = 0, usr_flg = 0,
		flags = LIT_DYNAMIC + LIT_AMBIENT,
		spatialprops =
		{
			pos = { 0, 0, 0 },
			orient = { { 1, 0, 0 }, { 0, 1, 0 }, { 0, 0, 1 } }
		},
		psysprops =
		{
			sparam = 0
		}
	},
	{
		entity_name = "gf_r_fighter_2_trail_1",
		type = PSYS,
		template_name = "gf_rh_smallengine02_trail",
		lt_grp = 0, srt_grp = 0, usr_flg = 0,
		flags = LIT_DYNAMIC + LIT_AMBIENT,
		spatialprops =
		{
			pos = { 0, 0, 0 },
			orient = { { 1, 0, 0 }, { 0, 1, 0 }, { 0, 0, 1 } }
		},
		psysprops =
		{
			sparam = 0
		}
	},
	{
		entity_name = "gf_r_elite_1",
		type = COMPOUND,
		template_name = "rtcprop_r_elite",
		lt_grp = 3, srt_grp = 0, usr_flg = 0,
		flags = LIT_DYNAMIC,
		spatialprops =
		{
			pos = { -3.179883, 62.73537, 1200 },
			orient = { { -0.494109, -0.014492,  0.869279 },
					   { -0.043204,  0.999035, -0.007903 },
					   { -0.868326, -0.041461, -0.494258 } }
		},
		userprops =
		{
			category = "Spaceship",
		}
	},
    {
		entity_name = "gf_r_elite_1_engine_sound",
		type = SOUND,
		template_name = "engine_rh_small",
		lt_grp = 0, srt_grp = 0, usr_flg = 0,
		flags = SPATIAL,
		spatialprops =
		{
			pos = { 0, 0, 0 },
			orient = { { 1, 0, 0 }, { 0, 1, 0 }, { 0, 0, 1 } }
		},
		audioprops =
		{
			attenuation = 0,
			pan = 0,
			dmin = 50,
			dmax = 1000,
			ain = 360,
			aout = 360,
			atout = 0,
			rmix = 0,
		},
		userprops =
		{
			category = "Audio",
		}
	},
	{
		entity_name = "gf_r_elite_1_engine_fire_1",
		type = PSYS,
		template_name = "gf_rh_smallengine02_fire",
		lt_grp = 0, srt_grp = 0, usr_flg = 0,
		flags = LIT_DYNAMIC + LIT_AMBIENT,
		spatialprops =
		{
			pos = { 0, 0, 0 },
			orient = { { 1, 0, 0 }, { 0, 1, 0 }, { 0, 0, 1 } }
		},
		psysprops =
		{
			sparam = 0
		}
	},
	{
		entity_name = "gf_r_elite_1_trail_1",
		type = PSYS,
		template_name = "gf_rh_smallengine02_trail",
		lt_grp = 0, srt_grp = 0, usr_flg = 0,
		flags = LIT_DYNAMIC + LIT_AMBIENT,
		spatialprops =
		{
			pos = { 0, 0, 0 },
			orient = { { 1, 0, 0 }, { 0, 1, 0 }, { 0, 0, 1 } }
		},
		psysprops =
		{
			sparam = 0
		}
	},
	{
		entity_name = "gf_r_elite_1_engine_fire_2",
		type = PSYS,
		template_name = "gf_rh_smallengine02_fire",
		lt_grp = 0, srt_grp = 0, usr_flg = 0,
		flags = LIT_DYNAMIC + LIT_AMBIENT,
		spatialprops =
		{
			pos = { 0, 0, 0 },
			orient = { { 1, 0, 0 }, { 0, 1, 0 }, { 0, 0, 1 } }
		},
		psysprops =
		{
			sparam = 0
		}
	},
	{
		entity_name = "gf_r_elite_1_trail_2",
		type = PSYS,
		template_name = "gf_rh_smallengine02_trail",
		lt_grp = 0, srt_grp = 0, usr_flg = 0,
		flags = LIT_DYNAMIC + LIT_AMBIENT,
		spatialprops =
		{
			pos = { 0, 0, 0 },
			orient = { { 1, 0, 0 }, { 0, 1, 0 }, { 0, 0, 1 } }
		},
		psysprops =
		{
			sparam = 0
		}
	},
	{
		entity_name = "gf_r_elite_2",
		type = COMPOUND,
		template_name = "rtcprop_r_elite",
		lt_grp = 3, srt_grp = 0, usr_flg = 0,
		flags = LIT_DYNAMIC,
		spatialprops =
		{
			pos = { -3.179883, 62.73537, 1200 },
			orient = { { -0.494109, -0.014492,  0.869279 },
					   { -0.043204,  0.999035, -0.007903 },
					   { -0.868326, -0.041461, -0.494258 } }
		},
		userprops =
		{
			category = "Spaceship",
		}
	},
    {
		entity_name = "gf_r_elite_2_engine_sound",
		type = SOUND,
		template_name = "engine_rh_small",
		lt_grp = 0, srt_grp = 0, usr_flg = 0,
		flags = SPATIAL,
		spatialprops =
		{
			pos = { 0, 0, 0 },
			orient = { { 1, 0, 0 }, { 0, 1, 0 }, { 0, 0, 1 } }
		},
		audioprops =
		{
			attenuation = 0,
			pan = 0,
			dmin = 50,
			dmax = 1000,
			ain = 360,
			aout = 360,
			atout = 0,
			rmix = 0,
		},
		userprops =
		{
			category = "Audio",
		}
	},
	{
		entity_name = "gf_r_elite_2_engine_fire_1",
		type = PSYS,
		template_name = "gf_rh_smallengine02_fire",
		lt_grp = 0, srt_grp = 0, usr_flg = 0,
		flags = LIT_DYNAMIC + LIT_AMBIENT,
		spatialprops =
		{
			pos = { 0, 0, 0 },
			orient = { { 1, 0, 0 }, { 0, 1, 0 }, { 0, 0, 1 } }
		},
		psysprops =
		{
			sparam = 0
		}
	},
	{
		entity_name = "gf_r_elite_2_trail_1",
		type = PSYS,
		template_name = "gf_rh_smallengine02_trail",
		lt_grp = 0, srt_grp = 0, usr_flg = 0,
		flags = LIT_DYNAMIC + LIT_AMBIENT,
		spatialprops =
		{
			pos = { 0, 0, 0 },
			orient = { { 1, 0, 0 }, { 0, 1, 0 }, { 0, 0, 1 } }
		},
		psysprops =
		{
			sparam = 0
		}
	},
	{
		entity_name = "gf_r_elite_2_engine_fire_2",
		type = PSYS,
		template_name = "gf_rh_smallengine02_fire",
		lt_grp = 0, srt_grp = 0, usr_flg = 0,
		flags = LIT_DYNAMIC + LIT_AMBIENT,
		spatialprops =
		{
			pos = { 0, 0, 0 },
			orient = { { 1, 0, 0 }, { 0, 1, 0 }, { 0, 0, 1 } }
		},
		psysprops =
		{
			sparam = 0
		}
	},
	{
		entity_name = "gf_r_elite_2_trail_2",
		type = PSYS,
		template_name = "gf_rh_smallengine02_trail",
		lt_grp = 0, srt_grp = 0, usr_flg = 0,
		flags = LIT_DYNAMIC + LIT_AMBIENT,
		spatialprops =
		{
			pos = { 0, 0, 0 },
			orient = { { 1, 0, 0 }, { 0, 1, 0 }, { 0, 0, 1 } }
		},
		psysprops =
		{
			sparam = 0
		}
	},
	{
		entity_name = "gf_k_freighter_1",
		type = COMPOUND,
		template_name = "rtcprop_k_freighter",
		lt_grp = 3, srt_grp = 0, usr_flg = 0,
		flags = LIT_DYNAMIC,
		spatialprops =
		{
			pos = { -3.179883, 62.73537, 1200 },
			orient = { { -0.494109, -0.014492,  0.869279 },
					   { -0.043204,  0.999035, -0.007903 },
					   { -0.868326, -0.041461, -0.494258 } }
		},
		userprops =
		{
			category = "Spaceship",
		}
	},
    {
		entity_name = "gf_k_freighter_1_engine_sound",
		type = SOUND,
		template_name = "engine_br_small",
		lt_grp = 0, srt_grp = 0, usr_flg = 0,
		flags = SPATIAL,
		spatialprops =
		{
			pos = { 0, 0, 0 },
			orient = { { 1, 0, 0 }, { 0, 1, 0 }, { 0, 0, 1 } }
		},
		audioprops =
		{
			attenuation = 0,
			pan = 0,
			dmin = 50,
			dmax = 1000,
			ain = 360,
			aout = 360,
			atout = 0,
			rmix = 0,
		},
		userprops =
		{
			category = "Audio",
		}
	},
	{
		entity_name = "gf_k_freighter_1_engine_fire_1",
		type = PSYS,
		template_name = "gf_ku_smallengine02_fire",
		lt_grp = 0, srt_grp = 0, usr_flg = 0,
		flags = LIT_DYNAMIC + LIT_AMBIENT,
		spatialprops =
		{
			pos = { 0, 0, 0 },
			orient = { { 1, 0, 0 }, { 0, 1, 0 }, { 0, 0, 1 } }
		},
		psysprops =
		{
			sparam = 0
		}
	},
	{
		entity_name = "gf_k_freighter_1_trail_1",
		type = PSYS,
		template_name = "gf_ku_smallengine02_trail",
		lt_grp = 0, srt_grp = 0, usr_flg = 0,
		flags = LIT_DYNAMIC + LIT_AMBIENT,
		spatialprops =
		{
			pos = { 0, 0, 0 },
			orient = { { 1, 0, 0 }, { 0, 1, 0 }, { 0, 0, 1 } }
		},
		psysprops =
		{
			sparam = 0
		}
	},
	{
		entity_name = "gf_k_freighter_1_engine_fire_2",
		type = PSYS,
		template_name = "gf_ku_smallengine02_fire",
		lt_grp = 0, srt_grp = 0, usr_flg = 0,
		flags = LIT_DYNAMIC + LIT_AMBIENT,
		spatialprops =
		{
			pos = { 0, 0, 0 },
			orient = { { 1, 0, 0 }, { 0, 1, 0 }, { 0, 0, 1 } }
		},
		psysprops =
		{
			sparam = 0
		}
	},
	{
		entity_name = "gf_k_freighter_1_trail_2",
		type = PSYS,
		template_name = "gf_ku_smallengine02_trail",
		lt_grp = 0, srt_grp = 0, usr_flg = 0,
		flags = LIT_DYNAMIC + LIT_AMBIENT,
		spatialprops =
		{
			pos = { 0, 0, 0 },
			orient = { { 1, 0, 0 }, { 0, 1, 0 }, { 0, 0, 1 } }
		},
		psysprops =
		{
			sparam = 0
		}
	},
	{
		entity_name = "gf_k_freighter_2",
		type = COMPOUND,
		template_name = "rtcprop_k_freighter",
		lt_grp = 3, srt_grp = 0, usr_flg = 0,
		flags = LIT_DYNAMIC,
		spatialprops =
		{
			pos = { -3.179883, 62.73537, 1200 },
			orient = { { -0.494109, -0.014492,  0.869279 },
					   { -0.043204,  0.999035, -0.007903 },
					   { -0.868326, -0.041461, -0.494258 } }
		},
		userprops =
		{
			category = "Spaceship",
		}
	},
    {
		entity_name = "gf_k_freighter_2_engine_sound",
		type = SOUND,
		template_name = "engine_br_small",
		lt_grp = 0, srt_grp = 0, usr_flg = 0,
		flags = SPATIAL,
		spatialprops =
		{
			pos = { 0, 0, 0 },
			orient = { { 1, 0, 0 }, { 0, 1, 0 }, { 0, 0, 1 } }
		},
		audioprops =
		{
			attenuation = 0,
			pan = 0,
			dmin = 50,
			dmax = 1000,
			ain = 360,
			aout = 360,
			atout = 0,
			rmix = 0,
		},
		userprops =
		{
			category = "Audio",
		}
	},
	{
		entity_name = "gf_k_freighter_2_engine_fire_1",
		type = PSYS,
		template_name = "gf_ku_smallengine02_fire",
		lt_grp = 0, srt_grp = 0, usr_flg = 0,
		flags = LIT_DYNAMIC + LIT_AMBIENT,
		spatialprops =
		{
			pos = { 0, 0, 0 },
			orient = { { 1, 0, 0 }, { 0, 1, 0 }, { 0, 0, 1 } }
		},
		psysprops =
		{
			sparam = 0
		}
	},
	{
		entity_name = "gf_k_freighter_2_trail_1",
		type = PSYS,
		template_name = "gf_ku_smallengine02_trail",
		lt_grp = 0, srt_grp = 0, usr_flg = 0,
		flags = LIT_DYNAMIC + LIT_AMBIENT,
		spatialprops =
		{
			pos = { 0, 0, 0 },
			orient = { { 1, 0, 0 }, { 0, 1, 0 }, { 0, 0, 1 } }
		},
		psysprops =
		{
			sparam = 0
		}
	},
	{
		entity_name = "gf_k_freighter_2_engine_fire_2",
		type = PSYS,
		template_name = "gf_ku_smallengine02_fire",
		lt_grp = 0, srt_grp = 0, usr_flg = 0,
		flags = LIT_DYNAMIC + LIT_AMBIENT,
		spatialprops =
		{
			pos = { 0, 0, 0 },
			orient = { { 1, 0, 0 }, { 0, 1, 0 }, { 0, 0, 1 } }
		},
		psysprops =
		{
			sparam = 0
		}
	},
	{
		entity_name = "gf_k_freighter_2_trail_2",
		type = PSYS,
		template_name = "gf_ku_smallengine02_trail",
		lt_grp = 0, srt_grp = 0, usr_flg = 0,
		flags = LIT_DYNAMIC + LIT_AMBIENT,
		spatialprops =
		{
			pos = { 0, 0, 0 },
			orient = { { 1, 0, 0 }, { 0, 1, 0 }, { 0, 0, 1 } }
		},
		psysprops =
		{
			sparam = 0
		}
	},
	{
		entity_name = "gf_civ_elite_1",
		type = COMPOUND,
		template_name = "rtcprop_civ_elite",
		lt_grp = 3, srt_grp = 0, usr_flg = 0,
		flags = LIT_DYNAMIC,
		spatialprops =
		{
			pos = { -3.179883, 62.73537, 1200 },
			orient = { { -0.494109, -0.014492,  0.869279 },
					   { -0.043204,  0.999035, -0.007903 },
					   { -0.868326, -0.041461, -0.494258 } }
		},
		userprops =
		{
			category = "Spaceship",
		}
	},
    {
		entity_name = "gf_civ_elite_1_engine_sound",
		type = SOUND,
		template_name = "engine_li_small",
		lt_grp = 0, srt_grp = 0, usr_flg = 0,
		flags = SPATIAL,
		spatialprops =
		{
			pos = { 0, 0, 0 },
			orient = { { 1, 0, 0 }, { 0, 1, 0 }, { 0, 0, 1 } }
		},
		audioprops =
		{
			attenuation = 0,
			pan = 0,
			dmin = 50,
			dmax = 1000,
			ain = 360,
			aout = 360,
			atout = 0,
			rmix = 0,
		},
		userprops =
		{
			category = "Audio",
		}
	},
	{
		entity_name = "gf_civ_elite_1_engine_fire_1",
		type = PSYS,
		template_name = "gf_li_smallengine02_fire",
		lt_grp = 0, srt_grp = 0, usr_flg = 0,
		flags = LIT_DYNAMIC + LIT_AMBIENT,
		spatialprops =
		{
			pos = { 0, 0, 0 },
			orient = { { 1, 0, 0 }, { 0, 1, 0 }, { 0, 0, 1 } }
		},
		psysprops =
		{
			sparam = 0
		}
	},
	{
		entity_name = "gf_civ_elite_1_trail_1",
		type = PSYS,
		template_name = "gf_li_smallengine02_trail",
		lt_grp = 0, srt_grp = 0, usr_flg = 0,
		flags = LIT_DYNAMIC + LIT_AMBIENT,
		spatialprops =
		{
			pos = { 0, 0, 0 },
			orient = { { 1, 0, 0 }, { 0, 1, 0 }, { 0, 0, 1 } }
		},
		psysprops =
		{
			sparam = 0
		}
	},
	{
		entity_name = "gf_civ_fighter_1",
		type = COMPOUND,
		template_name = "rtcprop_civ_fighter",
		lt_grp = 3, srt_grp = 0, usr_flg = 0,
		flags = LIT_DYNAMIC,
		spatialprops =
		{
			pos = { -3.179883, 62.73537, 1200 },
			orient = { { -0.494109, -0.014492,  0.869279 },
					   { -0.043204,  0.999035, -0.007903 },
					   { -0.868326, -0.041461, -0.494258 } }
		},
		userprops =
		{
			category = "Spaceship",
		}
	},
    {
		entity_name = "gf_civ_fighter_1_engine_sound",
		type = SOUND,
		template_name = "engine_li_small",
		lt_grp = 0, srt_grp = 0, usr_flg = 0,
		flags = SPATIAL,
		spatialprops =
		{
			pos = { 0, 0, 0 },
			orient = { { 1, 0, 0 }, { 0, 1, 0 }, { 0, 0, 1 } }
		},
		audioprops =
		{
			attenuation = 0,
			pan = 0,
			dmin = 50,
			dmax = 1000,
			ain = 360,
			aout = 360,
			atout = 0,
			rmix = 0,
		},
		userprops =
		{
			category = "Audio",
		}
	},
	{
		entity_name = "gf_civ_fighter_1_engine_fire_1",
		type = PSYS,
		template_name = "gf_li_smallengine02_fire",
		lt_grp = 0, srt_grp = 0, usr_flg = 0,
		flags = LIT_DYNAMIC + LIT_AMBIENT,
		spatialprops =
		{
			pos = { 0, 0, 0 },
			orient = { { 1, 0, 0 }, { 0, 1, 0 }, { 0, 0, 1 } }
		},
		psysprops =
		{
			sparam = 0
		}
	},
	{
		entity_name = "gf_civ_fighter_1_trail_1",
		type = PSYS,
		template_name = "gf_li_smallengine02_trail",
		lt_grp = 0, srt_grp = 0, usr_flg = 0,
		flags = LIT_DYNAMIC + LIT_AMBIENT,
		spatialprops =
		{
			pos = { 0, 0, 0 },
			orient = { { 1, 0, 0 }, { 0, 1, 0 }, { 0, 0, 1 } }
		},
		psysprops =
		{
			sparam = 0
		}
	},
	{
		entity_name = "gf_civ_freighter_1",
		type = COMPOUND,
		template_name = "rtcprop_civ_freighter",
		lt_grp = 3, srt_grp = 0, usr_flg = 0,
		flags = LIT_DYNAMIC,
		spatialprops =
		{
			pos = { -3.179883, 62.73537, 1200 },
			orient = { { -0.494109, -0.014492,  0.869279 },
					   { -0.043204,  0.999035, -0.007903 },
					   { -0.868326, -0.041461, -0.494258 } }
		},
		userprops =
		{
			category = "Spaceship",
		}
	},
    {
		entity_name = "gf_civ_freighter_1_engine_sound",
		type = SOUND,
		template_name = "engine_li_small",
		lt_grp = 0, srt_grp = 0, usr_flg = 0,
		flags = SPATIAL,
		spatialprops =
		{
			pos = { 0, 0, 0 },
			orient = { { 1, 0, 0 }, { 0, 1, 0 }, { 0, 0, 1 } }
		},
		audioprops =
		{
			attenuation = 0,
			pan = 0,
			dmin = 50,
			dmax = 1000,
			ain = 360,
			aout = 360,
			atout = 0,
			rmix = 0,
		},
		userprops =
		{
			category = "Audio",
		}
	},
	{
		entity_name = "gf_civ_freighter_1_engine_fire_1",
		type = PSYS,
		template_name = "gf_li_smallengine02_fire",
		lt_grp = 0, srt_grp = 0, usr_flg = 0,
		flags = LIT_DYNAMIC + LIT_AMBIENT,
		spatialprops =
		{
			pos = { 0, 0, 0 },
			orient = { { 1, 0, 0 }, { 0, 1, 0 }, { 0, 0, 1 } }
		},
		psysprops =
		{
			sparam = 0
		}
	},
	{
		entity_name = "gf_civ_freighter_1_trail_1",
		type = PSYS,
		template_name = "gf_li_smallengine02_trail",
		lt_grp = 0, srt_grp = 0, usr_flg = 0,
		flags = LIT_DYNAMIC + LIT_AMBIENT,
		spatialprops =
		{
			pos = { 0, 0, 0 },
			orient = { { 1, 0, 0 }, { 0, 1, 0 }, { 0, 0, 1 } }
		},
		psysprops =
		{
			sparam = 0
		}
	},
	{
		entity_name = "gf_b_freighter_1",
		type = COMPOUND,
		template_name = "rtcprop_b_freighter",
		lt_grp = 3, srt_grp = 0, usr_flg = 0,
		flags = LIT_DYNAMIC,
		spatialprops =
		{
			pos = { -3.179883, 62.73537, 1200 },
			orient = { { -0.494109, -0.014492,  0.869279 },
					   { -0.043204,  0.999035, -0.007903 },
					   { -0.868326, -0.041461, -0.494258 } }
		},
		userprops =
		{
			category = "Spaceship",
		}
	},
    {
		entity_name = "gf_b_freighter_1_engine_sound",
		type = SOUND,
		template_name = "engine_br_small",
		lt_grp = 0, srt_grp = 0, usr_flg = 0,
		flags = SPATIAL,
		spatialprops =
		{
			pos = { 0, 0, 0 },
			orient = { { 1, 0, 0 }, { 0, 1, 0 }, { 0, 0, 1 } }
		},
		audioprops =
		{
			attenuation = 0,
			pan = 0,
			dmin = 50,
			dmax = 1000,
			ain = 360,
			aout = 360,
			atout = 0,
			rmix = 0,
		},
		userprops =
		{
			category = "Audio",
		}
	},
	{
		entity_name = "gf_b_freighter_1_engine_fire_1",
		type = PSYS,
		template_name = "gf_br_smallengine03_fire",
		lt_grp = 0, srt_grp = 0, usr_flg = 0,
		flags = LIT_DYNAMIC + LIT_AMBIENT,
		spatialprops =
		{
			pos = { 0, 0, 0 },
			orient = { { 1, 0, 0 }, { 0, 1, 0 }, { 0, 0, 1 } }
		},
		psysprops =
		{
			sparam = 0
		}
	},
	{
		entity_name = "gf_b_freighter_1_trail_1",
		type = PSYS,
		template_name = "gf_br_smallengine03_trail",
		lt_grp = 0, srt_grp = 0, usr_flg = 0,
		flags = LIT_DYNAMIC + LIT_AMBIENT,
		spatialprops =
		{
			pos = { 0, 0, 0 },
			orient = { { 1, 0, 0 }, { 0, 1, 0 }, { 0, 0, 1 } }
		},
		psysprops =
		{
			sparam = 0
		}
	},
	{
		entity_name = "gf_b_freighter_1_engine_fire_2",
		type = PSYS,
		template_name = "gf_br_smallengine03_fire",
		lt_grp = 0, srt_grp = 0, usr_flg = 0,
		flags = LIT_DYNAMIC + LIT_AMBIENT,
		spatialprops =
		{
			pos = { 0, 0, 0 },
			orient = { { 1, 0, 0 }, { 0, 1, 0 }, { 0, 0, 1 } }
		},
		psysprops =
		{
			sparam = 0
		}
	},
	{
		entity_name = "gf_b_freighter_1_trail_2",
		type = PSYS,
		template_name = "gf_br_smallengine03_trail",
		lt_grp = 0, srt_grp = 0, usr_flg = 0,
		flags = LIT_DYNAMIC + LIT_AMBIENT,
		spatialprops =
		{
			pos = { 0, 0, 0 },
			orient = { { 1, 0, 0 }, { 0, 1, 0 }, { 0, 0, 1 } }
		},
		psysprops =
		{
			sparam = 0
		}
	},
	{
		entity_name = "gf_l_freighter_1",
		type = COMPOUND,
		template_name = "rtcprop_l_freighter",
		lt_grp = 3, srt_grp = 0, usr_flg = 0,
		flags = LIT_DYNAMIC,
		spatialprops =
		{
			pos = { -3.179883, 62.73537, 1200 },
			orient = { { -0.494109, -0.014492,  0.869279 },
					   { -0.043204,  0.999035, -0.007903 },
					   { -0.868326, -0.041461, -0.494258 } }
		},
		userprops =
		{
			category = "Spaceship",
		}
	},
    {
		entity_name = "gf_l_freighter_1_engine_sound",
		type = SOUND,
		template_name = "engine_li_small",
		lt_grp = 0, srt_grp = 0, usr_flg = 0,
		flags = SPATIAL,
		spatialprops =
		{
			pos = { 0, 0, 0 },
			orient = { { 1, 0, 0 }, { 0, 1, 0 }, { 0, 0, 1 } }
		},
		audioprops =
		{
			attenuation = 0,
			pan = 0,
			dmin = 50,
			dmax = 1000,
			ain = 360,
			aout = 360,
			atout = 0,
			rmix = 0,
		},
		userprops =
		{
			category = "Audio",
		}
	},
	{
		entity_name = "gf_l_freighter_1_engine_fire_1",
		type = PSYS,
		template_name = "gf_li_smallengine02_fire",
		lt_grp = 0, srt_grp = 0, usr_flg = 0,
		flags = LIT_DYNAMIC + LIT_AMBIENT,
		spatialprops =
		{
			pos = { 0, 0, 0 },
			orient = { { 1, 0, 0 }, { 0, 1, 0 }, { 0, 0, 1 } }
		},
		psysprops =
		{
			sparam = 0
		}
	},
	{
		entity_name = "gf_l_freighter_1_trail_1",
		type = PSYS,
		template_name = "gf_li_smallengine02_trail",
		lt_grp = 0, srt_grp = 0, usr_flg = 0,
		flags = LIT_DYNAMIC + LIT_AMBIENT,
		spatialprops =
		{
			pos = { 0, 0, 0 },
			orient = { { 1, 0, 0 }, { 0, 1, 0 }, { 0, 0, 1 } }
		},
		psysprops =
		{
			sparam = 0
		}
	},
	{
		entity_name = "gf_l_freighter_1_engine_fire_2",
		type = PSYS,
		template_name = "gf_li_smallengine02_fire",
		lt_grp = 0, srt_grp = 0, usr_flg = 0,
		flags = LIT_DYNAMIC + LIT_AMBIENT,
		spatialprops =
		{
			pos = { 0, 0, 0 },
			orient = { { 1, 0, 0 }, { 0, 1, 0 }, { 0, 0, 1 } }
		},
		psysprops =
		{
			sparam = 0
		}
	},
	{
		entity_name = "gf_l_freighter_1_trail_2",
		type = PSYS,
		template_name = "gf_li_smallengine02_trail",
		lt_grp = 0, srt_grp = 0, usr_flg = 0,
		flags = LIT_DYNAMIC + LIT_AMBIENT,
		spatialprops =
		{
			pos = { 0, 0, 0 },
			orient = { { 1, 0, 0 }, { 0, 1, 0 }, { 0, 0, 1 } }
		},
		psysprops =
		{
			sparam = 0
		}
	},
	{
		entity_name = "gf_armored_transport_1",
		type = COMPOUND,
		template_name = "rtcprop_armored_transport",
		lt_grp = 3, srt_grp = 0, usr_flg = 0,
		flags = LIT_DYNAMIC,
		spatialprops =
		{
			pos = { -3.179883, 62.73537, 1200 },
			orient = { { -0.517738, -0.043852,  0.854415 },
					   { -0.071296,  0.997423,  0.007990 },
					   { -0.852563, -0.056780, -0.519530 } }
		},
		userprops =
		{
			category = "Spaceship",
		}
	},
    {
		entity_name = "gf_armored_transport_1_engine_sound",
		type = SOUND,
		template_name = "engine_li_small",
		lt_grp = 0, srt_grp = 0, usr_flg = 0,
		flags = SPATIAL,
		spatialprops =
		{
			pos = { 0, 0, 0 },
			orient = { { 1, 0, 0 }, { 0, 1, 0 }, { 0, 0, 1 } }
		},
		audioprops =
		{
			attenuation = 0,
			pan = 0,
			dmin = 50,
			dmax = 1000,
			ain = 360,
			aout = 360,
			atout = 0,
			rmix = 0,
		},
		userprops =
		{
			category = "Audio",
		}
	},
	{
		entity_name = "gf_armored_transport_1_engine_fire_1",
		type = PSYS,
		template_name = "gf_br_atransport_engine01_fire",
		lt_grp = 0, srt_grp = 0, usr_flg = 0,
		flags = LIT_DYNAMIC + LIT_AMBIENT,
		spatialprops =
		{
			pos = { 0, 0, 0 },
			orient = { { 1, 0, 0 }, { 0, 1, 0 }, { 0, 0, 1 } }
		},
		psysprops =
		{
			sparam = 0
		}
	},
	{
		entity_name = "gf_armored_transport_1_trail_1",
		type = PSYS,
		template_name = "gf_br_atransport_engine01_trail",
		lt_grp = 0, srt_grp = 0, usr_flg = 0,
		flags = LIT_DYNAMIC + LIT_AMBIENT,
		spatialprops =
		{
			pos = { 0, 0, 0 },
			orient = { { 1, 0, 0 }, { 0, 1, 0 }, { 0, 0, 1 } }
		},
		psysprops =
		{
			sparam = 0
		}
	},
	{
		entity_name = "gf_armored_transport_1_engine_fire_2",
		type = PSYS,
		template_name = "gf_br_atransport_engine01_fire",
		lt_grp = 0, srt_grp = 0, usr_flg = 0,
		flags = LIT_DYNAMIC + LIT_AMBIENT,
		spatialprops =
		{
			pos = { 0, 0, 0 },
			orient = { { 1, 0, 0 }, { 0, 1, 0 }, { 0, 0, 1 } }
		},
		psysprops =
		{
			sparam = 0
		}
	},
	{
		entity_name = "gf_armored_transport_1_trail_2",
		type = PSYS,
		template_name = "gf_br_atransport_engine01_trail",
		lt_grp = 0, srt_grp = 0, usr_flg = 0,
		flags = LIT_DYNAMIC + LIT_AMBIENT,
		spatialprops =
		{
			pos = { 0, 0, 0 },
			orient = { { 1, 0, 0 }, { 0, 1, 0 }, { 0, 0, 1 } }
		},
		psysprops =
		{
			sparam = 0
		}
	},
	{
		entity_name = "Traffic_Marker_Zone_1",
		type = MARKER,
		template_name = "",
		lt_grp = 0, srt_grp = 0, usr_flg = 0,
		spatialprops =
		{
			pos = { -2.785515, 0, 0 },
			orient = { { -0.490275, -0.043852,  0.870464 },
					   { -0.071005,  0.997423,  0.010256 },
					   { -0.868671, -0.056780, -0.492126 } }
		}
	},
	{
		entity_name = "Traffic_Marker_Zone_2",
		type = MARKER,
		template_name = "",
		lt_grp = 0, srt_grp = 0, usr_flg = 0,
		spatialprops =
		{
			pos = { -0.891365, 0, 0 },
			orient = { { 1, 0, 0 }, { 0, 1, 0 }, { 0, 0, 1 } }
		}
	},
	{
		entity_name = "Traffic_Marker_Zone_3",
		type = MARKER,
		template_name = "",
		lt_grp = 0, srt_grp = 0, usr_flg = 0,
		spatialprops =
		{
			pos = { 1.002785, 0, 0 },
			orient = { { 1, 0, 0 }, { 0, 1, 0 }, { 0, 0, 1 } }
		}
	},
	{
		entity_name = "Traffic_Marker_Zone_4",
		type = MARKER,
		template_name = "",
		lt_grp = 0, srt_grp = 0, usr_flg = 0,
		spatialprops =
		{
			pos = { 57.54408, 104.7664, 36.01422 },
			orient = { { -0.030885,  0.000000, -0.999523 },
					   {  0.000000,  1.000000,  0.000000 },
					   {  0.999523,  0.000000, -0.030885 } }
		}
	},
	{
		entity_name = "MOP_Traffic_Zone_1",
		type = MOTION_PATH,
		template_name = "",
		lt_grp = 0, srt_grp = 0, usr_flg = 0,
		spatialprops =
		{
			pos = { -344.8225, 158.4394, -169.0727 },
			orient = { { -0.532982, -0.012545,  0.846034 },
					   { -0.015210,  0.999871,  0.005244 },
					   { -0.845990, -0.010073, -0.533104 } }
		},
		pathprops =
		{
			path_type = "CV_CROrientationSplinePath",
			path_data = "OPEN,{0.000002,-0.000007,0.000004}, {1.000000,0.000000,0.000000,0.000000}, {-0.000002,0.000005,-0.000011}, {0.998960,0.037670,0.010655,-0.023377}, {0.578684,1.572553,-0.435644}, {0.999608,0.016188,0.009145,-0.020930}, {-0.018609,1.483074,-0.014952}, {0.997449,-0.049847,0.050241,-0.009370}, {-0.685569,1.364071,0.455176}, {0.999284,-0.008270,0.012103,-0.034901}, {-0.747156,0.269287,0.519034}, {0.998385,0.045841,-0.013602,-0.030678}, {0.000002,-0.000007,0.000004}, {1.000000,0.000000,0.000000,0.000000}, "
		}
	},
	{
		entity_name = "MOP_Landing_1",
		type = MOTION_PATH,
		template_name = "",
		lt_grp = 0, srt_grp = 0, usr_flg = 0,
		spatialprops =
		{
			pos = { 75.81458, 205.8023, 0 },
			orient = { { 1, 0, 0 }, { 0, 1, 0 }, { 0, 0, 1 } }
		},
		pathprops =
		{
			path_type = "CV_CROrientationSplinePath",
			path_data = "OPEN,{0.000000,0.000000,0.000000}, {1.000000,0.000000,0.000000,0.000000}, {-1.000000,2.000000,0.000000}, {0.995207,0.081048,0.004442,0.054544}, {1.000000,2.000000,0.000000}, {0.987878,0.095109,-0.011757,-0.122117}, {0.000000,0.000000,0.000000}, {1.000000,0.000000,0.000000,0.000000}, "
		}
	},
	{
		entity_name = "MOP_Traffic_Zone_3",
		type = MOTION_PATH,
		template_name = "",
		lt_grp = 0, srt_grp = 0, usr_flg = 0,
		spatialprops =
		{
			pos = { -125.3922, 74.63773, 208.9295 },
			orient = { {  0.640948,  0.000000,  0.767585 },
					   {  0.000000,  1.000000,  0.000000 },
					   { -0.767585,  0.000000,  0.640948 } }
		},
		pathprops =
		{
			path_type = "CV_CROrientationSplinePath",
			path_data = "OPEN,{-2.000000,0.000000,0.000000}, {1.000000,0.000000,0.000000,0.000000}, {-1.601017,1.057953,-0.000003}, {0.997868,0.051742,-0.000414,0.039769}, {-0.999996,2.000000,-0.000003}, {0.998435,-0.042963,-0.007859,-0.034926}, {-0.000002,2.250000,-0.000006}, {0.997913,0.056737,-0.019726,-0.023716}, {0.999991,2.000000,-0.000008}, {0.989565,0.044179,-0.120372,0.065730}, {1.601012,1.057953,-0.000009}, {0.996700,-0.059448,-0.023020,0.050260}, {2.000000,0.000000,0.000000}, {1.000000,0.000000,0.000000,0.000000}, "
		}
	},
	{
		entity_name = "Marker_Landing_1",
		type = MARKER,
		template_name = "",
		lt_grp = 0, srt_grp = 0, usr_flg = 0,
		spatialprops =
		{
			pos = { 28.42409, -27.59359, -310.3652 },
			orient = { { -0.870332,  0.000000,  0.492465 },
					   {  0.000000,  1.000000,  0.000000 },
					   { -0.492465,  0.000000, -0.870332 } }
		}
	},
	{
		entity_name = "MOP_Traffic_Zone_4",
		type = MOTION_PATH,
		template_name = "",
		lt_grp = 0, srt_grp = 0, usr_flg = 0,
		spatialprops =
		{
			pos = { 269.8513, 112.2187, -220.9774 },
			orient = { {  0.116946, -0.796363,  0.593405 },
					   {  0.447354, -0.491215, -0.747384 },
					   {  0.886678,  0.352866,  0.298810 } }
		},
		pathprops =
		{
			path_type = "CV_CROrientationSplinePath",
			path_data = "OPEN,{-0.000547,0.000613,-0.000132}, {0.087103,-0.274006,0.468167,0.835556}, {-0.001418,0.001593,-0.000344}, {0.498919,-0.486857,0.287095,0.656983}, "
		}
	},
	{
		entity_name = "Traffic_Zone_5",
		type = MOTION_PATH,
		template_name = "",
		lt_grp = 0, srt_grp = 0, usr_flg = 0,
		spatialprops =
		{
			pos = { 52.36803, 175.0404, -609.7856 },
			orient = { {  0.999534,  0.021481,  0.021665 },
					   { -0.021143,  0.999653, -0.015691 },
					   { -0.021995,  0.015226,  0.999642 } }
		},
		pathprops =
		{
			path_type = "CV_CROrientationSplinePath",
			path_data = "OPEN,{-516.018188,-7.903208,323.204590}, {0.738093,0.020176,-0.674361,0.006983}, {482.030243,-4.988622,56.836346}, {0.739711,0.055198,-0.669417,0.040764}, "
		}
	},
	{
		entity_name = "Traffic_Zone_6",
		type = MOTION_PATH,
		template_name = "",
		lt_grp = 0, srt_grp = 0, usr_flg = 0,
		spatialprops =
		{
			pos = { 50.28203, 273.6702, -611.3347 },
			orient = { {  0.999534,  0.021481,  0.021665 },
					   { -0.021143,  0.999653, -0.015691 },
					   { -0.021995,  0.015226,  0.999642 } }
		},
		pathprops =
		{
			path_type = "CV_CROrientationSplinePath",
			path_data = "OPEN,{-516.015015,-7.904059,323.202759}, {0.685765,0.036735,0.726547,-0.022505}, {482.018036,-4.982189,56.830627}, {0.682020,0.033750,0.730379,-0.015949}, "
		}
	},
	{
		entity_name = "Traffic_Zone_Special",
		type = MOTION_PATH,
		template_name = "",
		lt_grp = 0, srt_grp = 0, usr_flg = 0,
		spatialprops =
		{
			pos = { 50.28203, 247.4515, -611.3347 },
			orient = { {  0.999534,  0.021481,  0.021665 },
					   { -0.021143,  0.999653, -0.015691 },
					   { -0.021995,  0.015226,  0.999642 } }
		},
		pathprops =
		{
			path_type = "CV_CROrientationSplinePath",
			path_data = "OPEN,{-51.520935,-296.623718,1112.442139}, {0.052573,0.027238,0.994168,0.090129}, {-15.295137,73.294579,191.221725}, {-0.139284,0.298781,0.931474,0.153899}, {481.989685,-4.968108,56.817261}, {0.492465,0.190963,0.840028,0.123948}, "
		}
	},
	{
		entity_name = "MOP_Traffic_Zone_2",
		type = MOTION_PATH,
		template_name = "",
		lt_grp = 0, srt_grp = 0, usr_flg = 0,
		spatialprops =
		{
			pos = { 214.7252, 132.6956, 172.7071 },
			orient = { {  0.527591, -0.014314, -0.849378 },
					   {  0.283219,  0.945617,  0.159985 },
					   {  0.800896, -0.324967,  0.502953 } }
		},
		pathprops =
		{
			path_type = "CV_CROrientationSplinePath",
			path_data = "OPEN,{-2.000000,0.000000,0.000000}, {1.000000,0.000000,0.000000,0.000000}, {-0.999993,2.000005,0.000005}, {0.994680,0.053103,0.038473,0.079451}, {0.999996,2.000008,0.000004}, {0.986763,-0.152517,-0.040316,-0.037567}, {2.000000,0.000000,0.000000}, {1.000000,0.000000,0.000000,0.000000}, "
		}
	},
	{
		entity_name = "Camera_0",
		type = CAMERA,
		template_name = "",
		lt_grp = 0, srt_grp = 0, usr_flg = 0,
		flags = REFERENCE,
		spatialprops =
		{
			pos = { -8.138763, 99.82896, 240.1803 },
			orient = { {  0.998875,  0.000000, -0.047429 },
